1261515752252887043
1261480524260036608
1261452852062453762
1261416663884328961
1261444636515524608
1261500381911285766
1261421470619557888
1261506853965529088
1261436215632551936
1261544409377595392
1261464407768432640
1261639853579608067
1261457969289428995
1261475461634437125
1261484010796089346
1261427385767002112
1261475443439370240
1261542035116490753
1261666800112197632
1261459140506906624
1261496071517278210
1261434768329191426
1261407208933220352
1261417967616757768
1261739075746312198
1261434027665326081
1261414861109673984
1261522784813027328
1261484604659240960
1261455902495793152
1261458272252563461
1261431066159611904
1261412034328981504
1261482868712378370
1261408397003382785
1261533762640211974
1261489187938697221
1261489900496367616
1261412252416008193
1261420801246429185
1261405598308093953
1261558705872670720
1261522667083051008
1261438028226023424
1261687675737698306
1261452038308794371
1261550175408930818
1261706709682122754
1261515843755667456
1261488122409496577
1261596890472292352
1261465337905594372
1261575109791408129
1261500356997058560
1261441239691538434
1261541779544748037
1261485885981446144
1261495484033765376
1261529479278497798
1261482086030102529
1261672931387682817
1261516762220310534
1261538421270409217
1261612417718591488
1261433961701490688
1261481407165067264
1261535423328813056
1261544192779661313
1261481627491938304
1261484080773787648
1261529835773575179
1261705075698946049
1261405178730647554
1261476666624311296
1261468377891160064
1261429428766162946
1261458312437981185
1261510439361556481
1261427476170862595
1261693152097755138
1261511712055967745
1261496568227586049
1261426125479313411
1261466347973693440
1261446089393258496
1261497984958656512
1261441722514583552
1261460166492504064
1261548512296255488
1261409680129024000
1261481138524024833
1261469363011334145
1261613248044023809
1261515301268541441
1261438028091805696
1261468751490244608
1261643786049982464
1261491730161041408
1261463627011407889
1261678186389102592
1261432557591162881
1261473148714864640
1261440744864116736
1261432285359939585
1261516931993042946
1261416680908926978
1261459653323452421
1261461158197780480
1261435572863692800
1261730771254915073
1261409012463005698
1261453688171712513
1261428923339923457
1261469147537346561
1261517100541022208
1261435043542560769
1261467562379894784
1261417530419077122
1261479843050524673
1261498116290646016
1261651666274836482
1261467433526792195
1261417907298406402
1261434012913958915
1261439922705059841
1261436855695716352
1261445937559412736
1261475919941840897
1261541970889015297
1261479751736274944
1261595472617246720
1261468892100247552
1261715365580746753
1261546546488848387
1261516017118969857
1261459673867313152
1261429685923258368
1261495411560394752
1261428550944448514
1261457144857137152
1261471846282780678
1261462801845047296
1261739754745405444
1261527644840980481
1261434958419296256
1261523417506951171
1261453248344416256
1261646491380338690
1261446134377021440
1261623706448613377
1261621407995363329
1261523714941661184
1261487927021973504
1261493776654249985
1261525824315854849
1261486931579334656
1261438337912500224
1261522931080925184
1261723856043048960
1261688442737606659
1261502675130232832
1261442478814588928
1261464683166330880
1261430938073886725
1261432372119195648
1261484927775899650
1261415481329676288
1261463053973020679
1261670430915493888
1261453723387097088
1261481455693242369
1261438513884659712
1261506661761638402
1261494236282679298
1261456675522973698
1261418973737836544
1261521436382040065
1261433028292706305
1261531876541546496
1261449591800512513
1261412041639649280
1261431165497626632
1261687536461594627
1261416858927988738
1261610580130934785
1261501814605787136
1261522030815518728
1261590279720538112
1261532584569270274
1261476417172357122
1261525974790725634
1261544302930325504
1261439662079578112
1261439874315386880
1261507761579294723
1261501196625297409
1261469110010916864
1261508587437817867
1261426160250032129
1261597351166304257
1261417755011506176
1261429196099923970
1261544281786863616
1261533501377126400
1261460619028398080
1261457810778394627
1261408513802113024
1261496421871747078
1261461668053176320
1261512510118621184
1261412207092355072
1261436765312741377
1261445224955445248
1261475057001365504
1261550718336598017
1261456956797091840
1261535314126004224
1261478047011663872
1261478401891692544
1261721512882692097
1261438910455902208
1261529216597872640
1261465262638993409
1261441297660801024
1261482408018403328
1261535522800820224
1261418545587478528
1261414166704734209
1261456365639393280
1261416801121955840
1261412724791271424
1261538599239061510
1261527989839249409
1261425184503787520
1261497655257071616
1261697671032700930
1261534293337075713
1261493763756589057
1261569410608791554
1261499893144748032
1261467156543225856
1261437582019182593
1261533098468089856
1261458641661464577
1261585448448770049
1261722764370743296
1261414007791124480
1261488215707414529
1261545625503531013
1261541642051485696
1261492195896500225
1261539070288769024
1261436949954473984
1261460771122212865
1261501258294272000
1261489043394777089
1261414917401346054
1261658607243984896
1261406061241786368
1261437801154953222
1261410339213635584
1261547075138916352
1261440672172634113
1261417273899745280
1261680925231857667
1261507865468166145
1261431159973502976
1261462852973604864
1261519772686020608
1261511795505631234
1261408730446352384
1261445049771888640
1261409706914066432
1261409237030318090
1261432011367088129
1261739513887498240
1261433737436229632
1261406037401354241
1261562340769583105
1261557832824115200
1261489786352697345
1261469751936643072
1261442921225691136
1261438932765548547
1261664286692257794
1261499874060705793
1261611655244341248
1261501157878362114
1261405062158405632
1261439398253596680
1261466109145989124
1261429641077649408
1261531507434434560
1261444693168021504
1261542909855166465
1261510069738450945
1261442760856367106
1261411662910959616
1261407601197277184
1261549021350498305
1261464032273248256
1261486870061432835
1261499463673274368
1261454427568865286
1261407386218065920
1261485084827201536
1261524628259966976
1261550701244792832
1261447386565492737
1261406585315721216
1261409681756393472
1261453058778836993
1261542531650580484
1261502296434884614
1261451351222972416
1261483775676092426
1261411418601029633
1261510586837409792
1261511178737512448
1261521051428835334
1261437626625777665
1261507444930379776
1261462881473753089
1261515112202067975
1261513921174704128
1261421545630478338
1261497377367588864
1261491356775485441
1261413313608630272
1261428081127915522
1261547831493627904
1261412257751134208
1261524968673652737
1261450064490164226
1261526620440940545
1261532544043905026
1261688787777830917
1261533611976732672
1261485227651870720
1261475871468040194
1261465031985807361
1261498733063069697
1261487232797470721
1261421344270540802
1261469702900994048
1261467924994363393
1261651221846294529
1261486199388209152
1261522478121095170
1261537709983752193
1261696378469842946
1261531767342694400
1261472931101605890
1261548522828107778
1261533242655678465
1261469922103717888
1261463220205707264
1261449953530036225
1261502094831316994
1261547675519868934
1261488037671907334
1261417101727760384
1261581132635701250
1261420222411493376
1261445763931885568
1261492081421418497
1261455857981759488
1261429400316243968
1261549854901370880
1261526826146562052
1261452337098309632
1261431528615264265
1261548055985299457
1261487619763875840
1261597735628701697
1261409021870747649
1261548011856859137
1261499578794291200
1261417831356174336
1261446853092012032
1261511177449828352
1261467213623681025
1261483886422355969
1261430720901218304
1261678923626303490
1261503324341272576
1261408032736653318
1261489563102560257
1261462402442260480
1261457662564155393
1261476906408595457
1261430605771796480
1261490585308807171
1261470178149150722
1261426262423175168
1261476669082271744
1261427334491435008
1261542027558297601
1261413616542081024
1261456948236435461
1261471333042487298
1261530778552414209
1261443119704399872
1261736996038418432
1261543737362010113
1261520960852652032
1261501660209319937
1261444629985030144
1261536877401837574
1261441325184045058
1261514161743228930
1261498229922893825
1261667858074959875
1261475002202812417
1261512108799397888
1261471052183465985
1261516330378780672
1261496321862545409
1261478288083615744
1261469969008615427
1261433922006716421
1261422425654169601
1261442943753375747
1261623536873070594
1261509042461016066
1261426375140900864
1261454891748257792
1261495895734001665
1261561790690816001
1261495406212628485
1261533383185891328
1261419849575567360
1261499989949403136
1261493690167525376
1261444322756644864
1261472187510292480
1261533093569220615
1261434175732822016
1261517795306676225
1261549621563715584
1261421843346370560
1261499301022351361
1261480935360303104
1261523888653164545
1261418587287285761
1261433386683392002
1261732755911532544
1261483064242438146
1261437227021684737
1261505980942163968
1261545653877960704
1261408239318470662
1261512000468930561
1261487895078006784
1261731307270307841
1261583668084162562
1261525781911498752
1261489098352586752
1261508927465938950
1261509163336773636
1261513791520587777
1261630354311561218
1261482632681975808
1261462746333233152
1261484091733573633
1261565214165778432
1261479250088955905
1261410806060642305
1261466018720833539
1261420957110960129
1261432991512846337
1261693371611000836
1261682000093683713
1261419964990459909
1261627458673049600
1261473036689006592
1261405474802544641
1261417688867278849
1261465545351692288
1261699819040641024
1261687701801250818
1261587930474336257
1261548634887380993
1261455193821966336
1261446444667428864
1261429226084773888
1261461425987506177
1261450127396368385
1261510101984325632
1261672217722658817
1261479451063394305
1261525118263541760
1261533683904909313
1261442625841684480
1261441890928353280
1261516247277031424
1261504808785080320
1261408454364803072
1261426983260438528
1261480247762944000
1261520500263714816
1261490142478503936
1261406055591899136
1261509623221293056
1261533530586308610
1261451204204171265
1261490293926477824
1261431652829425665
1261477418629464065
1261442419960229890
1261500990202626049
1261476214142713856
1261641875984965632
1261476991477243905
1261412066943922177
1261451031914917890
1261713875659038724
1261448117985013760
1261521544192417793
1261448243583479808
1261433635955019776
1261491818052694017
1261424198431289344
1261482633772634112
1261732330667999232
1261512964277964800
1261497863428849664
1261515637375012866
1261472027380236288
1261418550922825728
1261430122604900354
1261494631570657285
1261496304070389760
1261504347600375810
1261491366376267778
1261411772432388097
1261454063624830976
1261521800548114432
1261592922451070977
1261427629971759104
1261437010947932161
1261510944590610432
1261510409665773568
1261440377531371523
1261457590858506241
1261515853813645313
1261486445912625152
1261443417592094720
1261440677688164354
1261499149389836289
1261425603741278214
1261442315492618240
1261548877578031104
1261539839272538112
1261418567716782080
1261422384357052417
1261706452198133760
1261655617833447424
1261604527729451009
1261524309236805633
1261449847820845056
1261481316891099137
1261607910695505921
1261683116340588544
1261653222139342848
1261468134566842368
1261658520132427776
1261638854542610432
1261471145246593025
1261540364197916672
1261418069706014721
1261669632940933127
1261506953358041089
1261421273210433537
1261546399365246976
1261523352205787142
1261407274066751488
1261487306072043522
1261628055497453568
1261415416414572544
1261458036088070145
1261707243030024192
1261540625649934339
1261685134715228160
1261481635477938184
1261540407474884608
1261481355483000832
1261429830496645120
1261702980006555650
1261488421391880193
1261616822538944512
1261733524882808832
1261467740214145025
1261445295809761280
1261664620445663233
1261417244409593857
1261413445037109249
1261432340754034688
1261491749245128704
1261551278271934464
1261515967647055873
1261491855742640128
1261520394487545858
1261680578778275840
1261453403588136960
1261507248406183938
1261713589573836801
1261596420898828288
1261516640040222720
1261570336618840064
1261476645850021888
1261407123574947841
1261503562141454336
1261435558519332867
1261733976680497153
1261544305849774080
1261427592491499521
1261411626319675392
1261455127388381185
1261518214330150912
1261605612254892033
1261449702438064133
1261445103509372928
1261458085085949952
1261597679785828353
1261478576559255552
1261418666337488898
1261492652437954561
1261499699401355264
1261408515198840832
1261662498027077641
1261440242722107392
0
1261464768210059265
1261433250872012804
1261441369056387075
1261408174441185287
1261503931416363009
1261506381313724416
1261706695136296960
1261454845631852546
1261548077799755777
1261453830606249985
1261435613116420096
1261425054211993601
1261663865592590337
1261477530038677507
1261651001788039169
1261496281949749253
1261546751128788993
1261430899649818624
1261447689432072199
1261657673797435392
1261518596263436293
1261443784350597123
1261526364840030208
1261456433301733377
1261686860281253889
1261489301201747968
1261535201894621184
1261441805104476163
1261507467579723777
1261498854907580416
1261432715229962243
1261461918457397249
1261407945658642440
1261509488395378694
1261541249841946625
1261418871933698048
1261491490561224705
1261444270902226944
1261451976946180096
1261519399284072448
1261417852545855488
1261441456759205889
1261506274505547777
1261426707099049984
1261408285133099010
1261540626732064769
1261507546096885760
1261416992352813057
1261479885136187394
1261468974241505280
1261434554360852480
1261457075625963520
1261508328787714050
1261538117774868481
1261451209757487105
1261457450647109636
1261475438913822720
1261524102730268672
1261442726605676544
1261624089661366272
1261672987088084992
1261444342297722881
1261437065775902722
1261527601056792576
1261506737540079616
1261452229367775232
1261405223353937920
1261517071336144896
1261538855347531776
1261417451863990273
1261551357808517120
1261407071141912576
1261431936276291584
1261453949179097089
1261503883811094529
1261538176419667969
1261434389436624896
1261453813094834176
1261536780714741760
1261545565504131072
1261463507247104000
1261494574838579206
1261412261144510465
1261436695699808259
1261433155501711362
1261729992486072326
1261485640333565953
1261664992102887425
1261465778433536000
1261535908605521921
1261428508456296448
1261407773583015936
1261435826581323777
1261531336071929857
1261457266949013504
1261501413084946432
1261525446308528128
1261432047395979265
1261497178792615936
1261439073165565952
1261480167349895168
1261446219223752705
1261412410545500163
1261427297682436107
1261465726570749952
1261438892303020032
1261469543446253570
1261500808195162112
1261416771246010368
1261407829988016128
1261641766865973248
1261472754689175553
1261460470076043264
1261660886424530947
1261452427225468928
1261537477870813185
1261677379057004544
1261437155861164034
1261412973882433536
1261472459712163841
1261527138773225472
1261595559397396480
1261495437728636930
1261407321302818817
1261535397588299776
1261490461598003211
1261496449172455424
1261574578746404864
1261478093593743362
1261413371901022209
1261438779450986496
1261713632116838402
1261435554823983104
1261418411952705536
1261523355993346054
1261417356644937728
1261663685933707265
1261437981748981760
1261458673898946560
1261725160270422016
1261454350196457472
1261508289327661056
1261469746987298817
1261542896110624769
1261480451199434753
1261446006320873472
1261450032097583104
1261472894988759046
1261457329058430977
1261428799666675713
1261603982348128256
1261590195360739330
1261437234940653568
1261476069997187072
1261475666312048641
1261416973713305600
1261440076698890240
1261454612172660736
1261608732175278081
1261510751065268230
1261530444639563777
1261519061306859521
1261442315081531398
1261425653779439617
1261447539162660865
1261507769166974976
1261493550945939459
1261432082577973249
1261475665947136000
1261662213103923201
1261488048946241536
1261529328044539904
1261437555267891200
1261507055233441793
1261429715618824192
1261478179836956674
1261480995280293889
1261502828138369024
1261546580726996999
1261441206388764673
1261438078092079104
1261418156599521284
1261440207187918848
1261438043464048643
1261472857735004161
1261407305377222656
1261425734561738755
1261471533903548416
1261407358556663809
1261491337632890882
1261444557062930432
1261660796981035008
1261410585654124544
1261489475877830656
1261526258707562498
1261497871431602179
1261437507465433091
1261522111736303617
1261446771504381952
1261477308537462785
1261463047824007169
1261432935816675328
1261457599439884289
1261416091760365569
1261431238700593152
1261498338349899781
1261498560404652033
1261445695115898881
1261507826431606784
1261732976188153857
1261497089390858240
1261669796199964673
1261483035154767872
1261435296006262784
1261519671469256704
1261543816890388482
1261462030512459776
1261489172914884609
1261449259049771010
1261425571977818113
1261451442558128129
1261432863930621959
1261529081297936384
1261462495077625857
1261707057675120644
1261477965411557377
1261611888812584961
1261420921711210496
1261406475446104067
1261548411884646400
1261409961805938689
1261443581996347392
1261552858786418693
1261499181748887555
1261506180591075329
1261727529255174144
1261528209700642816
1261445772710522880
1261406822985920512
1261416739239313409
1261421630368002048
1261677665855115271
1261578112044871680
1261548492755030022
1261719312269586438
1261453617690746881
1261620014022524930
1261494746280652800
1261539666546659328
1261677581260259331
1261646145438318593
1261735234099384320
1261427552217731072
1261440746990694401
1261407195968798720
1261514536340733952
1261438206685392896
1261426503281258496
1261481506343727104
1261465047144038400
1261489878505644032
1261510042571988992
1261539799879553024
1261505027870507008
1261454653608194048
1261494562226348032
1261464886086971393
1261440917086625792
1261411590303297536
1261414166784626691
1261502693303914497
1261547625075130368
1261512875786600448
1261436222141984773
1261418899087728641
1261473412641222656
1261519973022826496
1261522765913272322
1261501609558700032
1261711426088992769
1261686090131480576
1261694062135934977
1261502122014670849
1261407341947297792
1261550840361304064
1261706580614995968
1261468490189291521
1261589627984543746
1261543444322881536
1261478242252460033
1261519160258916353
1261549897381285891
1261500499926364165
1261544704144965632
1261500911420977152
1261517541735723008
1261477734397730816
1261511257867223040
1261574876646825984
1261537178271780864
1261448109562793984
1261727871887740928
1261439798541037568
1261539395481538560
1261485588034621442
1261413089259343872
1261659446503247874
1261487017424232452
1261441546617942017
1261528559643844608
1261449049187643393
1261415951737786371
1261618806444617728
1261541052869009408
1261428554668990464
1261488883184939010
1261424949581021184
1261504068159107072
1261541389629865984
1261498664201175041
1261429806060539906
1261431195075837968
1261550752054620160
1261518720352104449
1261416901613215744
1261414065508843520
1261697154160250884
1261499446220611584
1261675325383045120
1261510211564638208
1261537123607461888
1261407334321938433
1261483836724203520
1261498016332222464
1261407230475161601
1261526251094802432
1261545491390697472
1261687538596696066
1261704998389342208
1261506730455949315
1261420550741585920
1261426250821726208
1261549131950108672
1261522341068107776
1261701130809159681
1261436834875236358
1261528572805742592
1261489829013082112
1261469823227305986
1261427837346566145
1261533920954404867
1261457622978486274
1261504583928475655
1261501366792585216
1261531972419149830
1261440427108024323
1261414133519593475
1261510844040478720
1261475966259355648
1261456150047813632
1261470210546114561
1261406022826106880
1261491884544819200
1261712230468456448
1261437792787169280
1261461388624568321
1261541814483501057
1261608549144281088
1261510474220404738
1261548948042457088
1261514213245083648
1261515505116078082
1261479804827729929
1261425177566433280
1261468025896624128
1261408373418819585
1261491017389309953
1261406675379994625
1261427202823983107
1261406668195106816
1261463171891523585
1261454484795822080
1261535553209733123
1261658852673630210
1261674544139571200
1261676335706935296
1261413913192783874
1261529303860367360
1261476212653916160
1261414896018829314
1261484838701486081
1261507097235251201
1261429195780919296
1261424158711283712
1261457562219634691
1261412689760288770
1261434154622672896
1261409435089395712
1261414465209118720
1261731839020019712
1261431467298570245
1261623651402645504
1261461252326346752
1261546807794053121
1261609582448857088
1261419278403883008
1261484230560841734
1261412262486499330
1261406327504543750
1261474438522036224
1261525320341032963
1261425375894257665
1261449267148800001
1261612083633741824
1261448022598115329
1261500269910732800
1261451933568696320
1261453284163809281
1261407266470690816
1261465157751803906
1261508699626995712
1261486944543862784
1261495222803894277
1261458849585745925
1261507910917652486
1261492968072138753
1261418592639188992
1261406497084342272
1261409104821514240
1261511163487170560
1261429174360825863
1261718616468344833
1261417132035682304
1261554383260549120
1261535397705846785
1261516421147828234
1261426246505775105
1261532806963961856
1261682623715237889
1261495646583951360
1261454574545600514
1261723160216551426
1261489137452015616
1261454485156581380
1261417475452829696
1261740095289331712
1261529571054116866
1261416159317856256
1261427359330316289
1261705033047052288
1261459459399806977
1261612389029609472
1261425125188005888
1261510770610880517
1261422441953243136
1261642469801951234
1261621867946708992
1261492015730012160
1261638904840695808
1261514233818144768
1261637711007449092
1261505316694474752
1261715753058873351
1261417395383607297
1261470854161944576
1261442209724932096
1261463405413597184
1261459679051313152
1261418045945372673
1261483900741828608
1261492058763689984
1261432199137554433
1261518439140585473
1261453812407111687
1261499013129355267
1261420706719465472
1261511510859415552
1261458486333894656
1261446088310927360
1261518566760648704
1261470918745952257
1261524307936755712
1261432893479346176
1261596415450472449
1261490789957488640
1261474051345625088
1261422209555292160
1261511340008636426
1261484535679782915
1261441679464304641
1261438258099023873
1261463016236818432
1261496068275154944
1261498344800694274
1261408675614216192
1261444248445939712
1261466184639066112
1261501762759950338
1261432811568787456
1261531864575115264
1261481419223818240
1261468913960841216
1261438682839437312
1261487451115188224
1261457123508015105
1261534768946126848
1261514755979841536
1261425745550807040
1261427174600409091
1261490764321783814
1261588512069083136
1261429735835353090
1261500947131490309
1261429640662601734
1261544529095618560
1261539209120112640
1261428188728619009
1261426524194037768
1261416063629230081
1261487865885855745
1261442601418276865
1261496409456611336
1261406640399683584
1261507281671213056
1261549397604589568
1261660186764349445
1261520281606082561
1261484560287698948
1261415544743358464
1261488226457522177
1261498859315818499
1261465859484078080
1261500781158633473
1261492834110042112
1261541361687441408
1261428172572114946
1261500567479820290
1261453734594387974
1261583070395871232
1261417824792137728
1261421587925958659
1261458545662443520
1261519771369119744
1261421314146852869
1261434466251223040
1261515853159452674
1261411216670339072
1261541652168011776
1261428152359882752
1261453815070392320
1261450995168665608
1261708984739721216
