1261544704144965632
1261538117774868481
1261498664201175041
1261494194645766146
1261425429208076289
1261416422904758273
1261523789461979136
1261739513887498240
1261508927465938950
1261713921137881089
1261529081297936384
1261426503281258496
1261499685090582530
1261434154622672896
1261514463771066368
1261440053634465794
1261421591486922752
1261474998180601867
1261513820822032385
1261498301221867522
1261544281786863616
1261493103007010822
1261442573920591873
1261509844609060864
1261531042281926657
1261434118774108160
1261533683904909313
1261448022598115329
1261431652829425665
1261426375140900864
1261474227208716288
1261440427108024323
1261542896110624769
1261542576286584833
1261485084827201536
1261511560297660423
1261453284163809281
1261441046396964865
1261407386218065920
1261523714941661184
1261441369056387075
1261491884544819200
1261688623365271552
1261416063629230081
1261459673867313152
1261486445912625152
1261467625286103041
1261680933456969732
1261438043464048643
1261545491390697472
1261498925141368832
1261453688171712513
1261513889327521792
1261551337814310913
1261458036088070145
1261442078145417216
1261686860281253889
1261493523020316674
1261516931993042946
1261687538596696066
1261550533564862466
1261414007791124480
1261494631570657285
1261434012913958915
1261478242252460033
1261449637879181312
1261437981748981760
1261441629312806912
1261465340577529867
1261695055548514305
1261507910917652486
1261437792787169280
1261525649723928576
1261456150047813632
1261467061684862977
1261498446432792576
1261534025900003329
1261581132635701250
1261475665947136000
1261472945899048960
1261469746987298817
1261457075625963520
1261514213245083648
1261444272240439297
1261464628447580165
1261461667721826309
1261468566286733313
1261465890295476224
1261469702900994048
1261510211564638208
1261426177807278080
1261440207187918848
1261658852673630210
1261702980006555650
1261535522800820224
1261437155861164034
1261421344270540802
1261548077799755777
1261546751128788993
1261463111816495105
1261455857981759488
1261485835666497536
1261539395481538560
1261440242722107392
1261430070993760256
1261620945392984064
1261416973713305600
1261675325383045120
1261451031914917890
1261427837346566145
1261506725049503745
1261531340169674752
1261672931387682817
1261457662564155393
1261458486333894656
1261500947131490309
1261526015970390016
1261504183187894272
1261466018720833539
1261491830517981186
1261508587437817867
1261409435089395712
1261422465940668416
1261436575256244225
1261686161405284352
1261465047144038400
1261425375894257665
1261411626319675392
1261550701244792832
1261457757170921472
1261481138847006720
1261478444279439366
1261444270902226944
1261515505116078082
1261412499754188803
1261702333647458306
1261471246924955648
1261452229367775232
1261503562141454336
1261436449611636736
1261525974790725634
1261536080026677249
1261611888812584961
1261456331900194817
1261539209120112640
1261484091733573633
1261495222803894277
1261481094957772801
1261433028292706305
1261446771504381952
1261413465245261824
1261491337632890882
1261503797156810753
1261410585654124544
1261485764849872896
1261426458565591040
1261477965411557377
1261678619820036097
1261495937312141312
1261540407474884608
1261464494217105408
1261417967616757768
1261725578924883969
1261437507465433091
1261679355664760837
1261420485897678848
1261446444667428864
1261558705872670720
1261508289327661056
1261416858927988738
1261687536461594627
1261408373418819585
1261470854161944576
1261432285359939585
1261453734594387974
1261469110010916864
1261441890928353280
1261419258761760768
1261438682839437312
1261428875793317888
1261443119704399872
1261425184503787520
1261414997827051521
1261482633772634112
1261514536340733952
1261448117985013760
1261651666274836482
1261427510648074241
1261705608190767105
1261532784490770432
1261408513802113024
1261613073971978241
1261694062135934977
1261467213623681025
1261406022826106880
1261520255840587777
1261458673898946560
1261543959936942086
1261462402442260480
1261409790519136257
1261705075698946049
1261492834110042112
1261518754220916736
1261550764599554052
1261475966259355648
1261445695115898881
1261536024309780480
1261454845631852546
1261490585308807171
1261460225925640192
1261505920028286976
1261706709682122754
1261505316694474752
1261495461246128129
1261485453301219330
1261713919313276929
1261517993265164289
1261664620445663233
1261517795306676225
1261506661761638402
1261639853579608067
1261428081127915522
1261438739466903557
1261461158197780480
1261731307270307841
1261447689432072199
1261453813094834176
1261531767342694400
1261427592491499521
1261574578746404864
1261677665855115271
1261425054211993601
1261542035116490753
1261457562219634691
1261442943753375747
1261428817714753543
1261491390183243777
1261535679886000128
1261486541769248768
1261525271901097984
1261415416234233858
1261520394487545858
1261467924994363393
1261727871887740928
1261488984213127168
1261414465209118720
1261649335357517824
1261543792705974272
1261450995168665608
1261475666312048641
1261523778166718469
1261491356775485441
1261492363903598598
1261457004301701121
1261411216670339072
1261436765312741377
1261544305849774080
1261436949954473984
1261548917788831744
1261491017389309953
1261444901163712513
1261408032736653318
1261477418629464065
1261667858074959875
1261463774088908801
1261469876536795136
1261430996911742978
1261440746990694401
1261494574838579206
1261494086244151298
1261534768946126848
1261483836724203520
1261440531608948736
1261501258294272000
1261430605771796480
1261407829988016128
1261477734397730816
1261525824315854849
1261513387911110657
1261500381911285766
1261479751736274944
1261502094831316994
1261517270246846464
1261475002202812417
1261598942367821824
1261522251284746245
1261484927775899650
1261470026302808064
1261430091546050561
1261444629985030144
1261592922451070977
1261538421270409217
1261674544139571200
1261466347973693440
1261409013834514432
1261456675522973698
1261464683166330880
1261435572863692800
1261426983260438528
1261435296006262784
1261550752054620160
1261426048950054919
1261498816865304576
1261670430915493888
1261471587288530945
1261416045891465223
1261504493663014913
1261453772850593792
1261426250821726208
1261545743313244160
1261638904840695808
1261582813985492992
1261498338349899781
1261525781911498752
1261558919425667072
1261450064490164226
1261706500931813376
1261432082577973249
1261510474220404738
1261417273899745280
1261481506343727104
1261417451863990273
1261494274451034112
1261499874060705793
1261736996038418432
1261425074546016256
1261481635477938184
1261425404642045952
1261449717306834951
1261433386683392002
1261495484033765376
1261507761579294723
1261544051917991936
1261454891748257792
1261500356997058560
1261468733865893894
1261453830606249985
1261544816908828673
1261469147537346561
1261440377531371523
1261504183460495360
1261475443439370240
1261488037671907334
1261484560287698948
1261697154160250884
1261417526212231168
1261496071517278210
1261597398524219393
1261442760856367106
1261537477870813185
1261470193005391872
1261513463370780677
1261500808195162112
1261461615888621571
1261452707715518465
1261454485156581380
1261501762759950338
1261478093593743362
1261466311164452864
1261415544743358464
1261541361687441408
1261498044304015368
1261511712055967745
1261446369065107457
1261504024953655301
1261548512296255488
1261713632116838402
1261685968811298816
1261408397003382785
1261416835691368448
1261740095289331712
1261464407768432640
1261469583459975168
1261437565556703233
1261469823227305986
1261529571054116866
1261492058763689984
1261561790690816001
1261605612254892033
1261406585315721216
1261480995280293889
1261469701932109825
1261590470209069056
1261420550741585920
1261583668084162562
1261501609558700032
1261689251390820354
1261409680129024000
1261528895406424064
1261519671469256704
1261420285233778688
1261701130809159681
1261549897381285891
1261438397505081344
1261429715618824192
1261588512069083136
1261546399365246976
1261725160270422016
1261707057675120644
1261440076698890240
1261528572805742592
1261500499926364165
1261548948042457088
1261457329058430977
1261463627011407889
1261414631525847040
1261430720901218304
1261463405413597184
1261680925231857667
1261472027380236288
1261495367448707073
1261425568203132938
1261505980942163968
1261497984958656512
1261454063624830976
1261463220205707264
1261499922144247808
1261502296434884614
1261446089393258496
1261503458672144385
1261508875884298246
1261659446503247874
1261734684955942912
1261718616468344833
1261697965732888577
1261508699626995712
1261524628259966976
1261476071331041280
1261721512882692097
1261548217096863744
1261492652437954561
1261487017424232452
1261527798063087617
1261412207092355072
1261480451199434753
1261436855695716352
1261468913960841216
1261461252326346752
1261498560404652033
1261425745550807040
1261512964277964800
1261528209700642816
1261408686917824512
1261497178792615936
1261429196099923970
1261465262638993409
1261435936711286784
1261430925398851584
1261467565659996160
1261438078092079104
1261536877401837574
1261432199137554433
1261551342407102465
1261431695850471425
1261457599217594368
1261548055985299457
1261452135696175105
1261478288083615744
1261418592639188992
1261554779303620609
1261541052869009408
1261569410608791554
1261456843148152832
1261442315081531398
1261473148714864640
1261417642914693120
1261537291123777536
1261540460700418048
1261471551192354818
1261515853159452674
1261658520132427776
1261487940724764672
1261449928318083072
1261548522828107778
1261540626732064769
1261524307936755712
1261518596263436293
1261417530419077122
1261659390291185665
1261407274066751488
1261438779450986496
1261457024107204609
1261489029259956224
1261621867946708992
1261440744864116736
1261462124120780800
1261441297660801024
1261541642051485696
1261481521388584960
1261511340008636426
1261468027561799681
1261428188728619009
1261732330667999232
1261484535679782915
1261490091207376897
1261422384357052417
1261465031985807361
1261410916173615104
1261475438913822720
1261452038308794371
1261608549144281088
1261485885981446144
1261476212653916160
1261511301307625473
1261697242257375232
1261441134125027334
1261713917212012545
1261444045752004611
1261428799666675713
1261408580441272320
1261620320823214081
1261469962037690371
1261464563364425733
1261532806963961856
1261462852973604864
1261485588034621442
1261429640662601734
1261683116340588544
1261449702438064133
1261672217722658817
1261507865468166145
1261499699401355264
1261495895734001665
1261515853813645313
1261611655244341248
1261510409665773568
1261531507434434560
1261440938246897670
1261502675130232832
1261407334321938433
1261421587925958659
1261499013129355267
1261434897132126208
1261469363011334145
1261529328044539904
1261732600844091393
1261696388573822976
1261459512734527488
1261503931416363009
1261446134377021440
1261418666337488898
1261629139314003968
1261432540558131201
1261700205994524673
1261436695699808259
1261457810778394627
1261523417506951171
1261498016332222464
1261428388796997636
1261682623715237889
1261493764415160321
1261491061173747712
1261548877578031104
1261630359646744576
1261465337905594372
1261460771122212865
1261462801845047296
1261627836445622276
1261545747658440704
1261420901607800832
1261493368569253888
1261412819993423872
1261411772432388097
1261541387117268994
1261429416095174656
1261413524791676928
1261519160258916353
1261518726891024385
1261546580726996999
1261443304312524800
1261548011856859137
1261469969008615427
1261500911420977152
1261453812407111687
1261476906408595457
1261535314126004224
1261513128610676736
1261519772686020608
1261413913192783874
1261444322756644864
1261624600049389568
1261407195968798720
1261422540926275585
1261421630368002048
1261414133519593475
1261413612347932680
1261440917086625792
1261417101727760384
1261607910695505921
1261472459712163841
1261449885364207616
1261418973737836544
1261432811568787456
1261491363046178817
1261662498027077641
1261480167349895168
1261460339062829059
1261461668053176320
1261571175467139072
1261463171891523585
1261420921711210496
1261438513884659712
1261426262423175168
1261541068635586560
1261417475452829696
1261510439361556481
1261550718336598017
1261482086030102529
1261510764571082752
1261464032273248256
1261460166492504064
1261730771254915073
1261496152937173000
1261489187938697221
1261512875786600448
1261480247762944000
1261716916990697474
1261451442558128129
1261453815070392320
1261438932765548547
1261711426088992769
1261683976068124673
1261500768844120064
1261540364197916672
1261516640040222720
1261539799879553024
1261457164532543488
1261463016236818432
1261478160006131712
1261418829823049729
1261482123921371138
1261420265382260737
1261513921174704128
1261495646583951360
1261502693303914497
1261461388624568321
1261514841035956225
1261417723579400192
1261431936276291584
1261431066159611904
1261415416414572544
1261480866531946496
1261481316891099137
1261574876646825984
1261462934422720512
1261485087025233920
1261519667337650177
1261527138773225472
1261418045945372673
1261478431117754376
1261546090257625088
1261407341947297792
1261438206685392896
1261708984739721216
1261425734561738755
1261421314146852869
1261500567479820290
1261542771283853319
1261590665571360773
1261733415444832256
1261723856043048960
1261536468671123457
1261629911241904129
1261493298386141185
1261506762605199363
1261418550922825728
1261441722514583552
1261519061306859521
1261595472617246720
1261427297682436107
1261432407049134080
1261466184639066112
1261512894656548864
1261666286813220865
1261489172914884609
1261526591479279616
1261418382915747841
1261491705544675329
1261445985101742081
1261518738932678659
1261445103509372928
1261578496234737664
1261437986337550336
1261405762523410432
1261520500263714816
1261481407165067264
1261468751490244608
1261408730446352384
1261483900741828608
1261637745077878786
1261501157878362114
1261429226084773888
1261516762220310534
1261534984147365888
1261479804827729929
1261468377891160064
1261491435368361984
1261550175408930818
1261575934760681472
1261491490561224705
1261455837890928641
1261467040772001792
1261417688867278849
1261458641661464577
1261502828138369024
1261407321302818817
1261463047824007169
1261510944590610432
1261497377367588864
1261480628798795781
1261431528615264265
1261563026211299328
1261429342640324608
1261452852062453762
1261408011165319175
1261505911488753665
1261428835607871491
1261535283583090688
1261433922006716421
1261428283654242307
1261486421996523520
1261417320364179456
1261444248445939712
1261470323708436481
1261418322010267649
1261444557062930432
1261417958376476672
1261637711007449092
1261646491380338690
1261541779544748037
1261479451063394305
1261566156986445824
1261418156599521284
1261407123574947841
1261503076453748736
1261669796199964673
1261492015730012160
1261502442983821312
1261596415450472449
1261418555666337793
1261461425987506177
1261686090131480576
1261432340754034688
1261461366331695104
1261510042571988992
1261413089259343872
1261436023101243394
1261515967647055873
1261493776654249985
1261427552217731072
1261416680908926978
1261460470076043264
1261593440757977091
1261503324341272576
1261471714350739457
1261476669082271744
1261732976188153857
1261597444246253568
1261719312269586438
1261549397604589568
1261486944543862784
1261407773583015936
1261704998389342208
1261431657602539520
1261478401891692544
1261643786049982464
1261494622137847809
1261496281949749253
1261428080976986120
1261432893479346176
1261525446308528128
1261449259049771010
1261611330236227584
1261411052060737541
1261434466251223040
1261646145438318593
1261465935296135171
1261419849575567360
1261438337912500224
1261468722843095041
1261408133085159426
1261465778433536000
1261404993346662400
1261411418601029633
1261442625841684480
1261432047395979265
1261408454364803072
1261507281671213056
1261526251094802432
1261509616007077889
1261462533442953216
1261473260979527680
1261462495077625857
1261417571988828160
1261498749022593029
1261416577079013377
1261480140413992960
1261437555267891200
1261489098352586752
1261625293426634753
1261478047011663872
1261498930426253312
1261504583928475655
1261722764370743296
1261713875659038724
1261470163351662592
1261434389436624896
1261581141569613825
1261501814605787136
1261428508456296448
1261451770619760640
1261526729899642880
1261485337890533376
1261440562147717120
1261488883184939010
1261473728996802561
1261488226457522177
1261434175732822016
1261476214142713856
1261444693168021504
1261471675905802240
1261419964990459909
1261660186764349445
1261454350196457472
1261449591800512513
1261408142488993796
1261430899649818624
1261596831777042434
1261620014022524930
1261504132692627456
1261507097235251201
1261533098468089856
1261484080773787648
1261731839020019712
1261499989949403136
1261452883616313347
1261529479278497798
1261525379862462465
1261442323701006336
1261467562379894784
1261483886422355969
1261435557843894272
1261425603741278214
1261516017118969857
1261648083240333312
1261422425654169601
1261421843346370560
1261678923626303490
1261425571977818113
1261544829571477505
1261454653608194048
1261419531756584961
1261444636515524608
1261434768329191426
1261476583891746816
1261506180591075329
1261570319602667520
1261478179836956674
1261688787777830917
1261427359330316289
1261487619763875840
1261542909855166465
1261532544043905026
1261538599239061510
1261475055025913858
1261526826146562052
1261450875253342208
1261508328787714050
1261417114239467520
1261457123508015105
1261462862683189248
1261547675519868934
1261433961701490688
1261471533903548416
1261658607243984896
1261697296712044545
1261438910455902208
1261435542551638017
1261546009995341825
1261529309979848704
1261448109562793984
1261509163336773636
1261520999083921408
1261491730161041408
1261517360546091013
1261518812182175745
1261417907298406402
1261498214085095425
1261494236282679298
1261536780714741760
1261419278403883008
1261419356837167105
1261497931825156096
1261467733406871552
1261451480503955456
1261415481329676288
1261428540601335808
1261707243030024192
1261486931579334656
1261483035154767872
1261472825384337410
1261496321862545409
1261461313567338496
1261456948236435461
1261696495205711874
1261455127388381185
1261469922103717888
1261525118263541760
1261429806060539906
1261477308537462785
1261500781158633473
1261458085085949952
1261417132035682304
1261433155501711362
1261666800112197632
1261479543644225536
1261436571359645696
1261490293926477824
1261441456759205889
1261520281606082561
1261706580614995968
1261541003489509377
1261476645850021888
1261510069738450945
1261441805104476163
1261418327680974848
1261448243583479808
1261522667083051008
1261580697589800961
1261465010913415174
1261616179744960512
1261456365639393280
1261432991512846337
1261465039996739585
1261499082134020096
1261406502927183875
1261612083633741824
1261479843050524673
1261430938073886725
1261491818052694017
1261429735835353090
1261731168543629312
1261513081240379392
1261503081033789440
1261535553209733123
1261630354311561218
1261416771246010368
1261463213855498243
1261505897593016320
1261489563102560257
1261544561962254336
1261503261040734208
1261435558519332867
1261513791520587777
1261533429843124224
1261527568395563008
1261468775762718720
1261522784813027328
1261431165497626632
1261420090186178561
1261498742521368577
1261407230475161601
1261552858786418693
1261529085932683265
1261505409656987648
1261527313528819713
1261492305527267329
1261422441953243136
1261454186941542400
1261409104821514240
1261689114929377281
1261506381313724416
1261603982348128256
1261503358524768257
1261412026355777539
1261459679051313152
1261529835773575179
1261442921225691136
1261427476170862595
1261452752363945985
0
1261415951737786371
1261484230560841734
1261426663943856128
1261441380435492868
1261618806444617728
1261493550945939459
1261479265024925698
1261446726101024769
1261450386092617728
1261430923037298689
1261449256851759105
1261432474703237120
1261438313866514432
1261419197705355268
1261483775676092426
1261533762640211974
1261432468671885313
1261416899050692608
1261585448448770049
1261527601056792576
1261475056451850240
1261515637375012866
1261446264337559553
1261413304028848128
1261539164308140033
1261515843755667456
1261522030815518728
1261490573418119170
1261573814846013445
1261454612172660736
1261406640399683584
1261663865592590337
1261445694247727104
1261445937559412736
1261453556638461953
1261479885136187394
1261412252416008193
1261429195780919296
1261523352205787142
1261524234859397121
1261421545630478338
1261476991477243905
1261681549768040448
1261488215707414529
1261677558166364160
1261496304070389760
1261499578383302656
1261439922705059841
1261609582448857088
1261511510859415552
1261644227114684416
1261434796171046913
1261505027870507008
1261642469801951234
1261487232797470721
1261548634887380993
1261408675614216192
1261691924609728515
1261496068275154944
1261428172572114946
1261538176419667969
1261475057001365504
1261496568227586049
1261459140506906624
1261406668195106816
1261443873613557760
1261536885832376325
1261406341178052608
1261442419960229890
1261431195075837968
1261432926731976704
1261511588537757696
1261569283315904513
1261633280929120257
1261449267148800001
1261485068603793409
1261733524882808832
1261488048946241536
1261502674408820738
1261453058778836993
1261450032097583104
1261694670234583041
1261416986220744705
1261439086776274947
1261547075138916352
1261405223353937920
1261416901613215744
1261441325184045058
1261440672172634113
1261510770610880517
1261490789957488640
1261416657987055616
1261411604769517569
1261540633937956864
1261466109145989124
1261514233818144768
1261518214330150912
1261544529095618560
1261535826564902914
1261507546096885760
1261424158711283712
1261524968673652737
1261465157751803906
1261466077822717952
1261451847350415361
1261488122409496577
1261514237605601281
1261597679785828353
1261460617724080130
1261441206388764673
1261481306707226624
1261496421871747078
1261478579046580225
1261435978062819329
1261412973882433536
1261454427568865286
1261453617690746881
1261739754745405444
1261451976946180096
1261407208933220352
1261473682498760705
1261431330492936194
1261547392329015297
1261406061241786368
1261407601197277184
1261519399284072448
1261535920278376448
1261453745797259270
1261543523180064769
1261495437728636930
1261414166704734209
1261475754354839552
1261428304747397123
1261506953358041089
1261697671032700930
1261473036689006592
1261487000168865792
1261464133846790146
1261491845231783936
1261455193821966336
1261474397526863873
1261541814483501057
1261443581996347392
1261476774225096708
1261463507247104000
1261411250837303300
1261405178730647554
1261414065508843520
1261409237030318090
1261482868712378370
1261441803955441665
1261421979107647488
1261426707099049984
1261514862598946821
1261438028226023424
1261488506649620480
1261590195360739330
1261441718764765184
1261416801121955840
1261455902495793152
1261421470619557888
1261441679464304641
1261729877511802881
1261509623221293056
1261406055591899136
1261510844040478720
1261676263216828417
1261411662910959616
1261519771369119744
1261502122014670849
1261444342297722881
1261505389356552192
1261502284808085504
1261512572810846208
1261672987088084992
1261416992352813057
1261495406212628485
1261735175320473601
1261526364840030208
1261683413997805568
1261434563273711616
1261504162748985344
1261679010456776704
1261487451115188224
1261408174441185287
1261470232968785921
1261575109791408129
1261441047005036544
1261464886086971393
1261596890472292352
1261420540776132609
1261425630190563328
1261660796981035008
1261426125479313411
1261537709983752193
1261465286198337536
1261498229922893825
1261487306072043522
1261545911697707009
1261540625649934339
1261437010947932161
1261551357808517120
1261570336618840064
1261430982575562752
