1261445763931885568
1261493776654249985
1261485227651870720
1261493523020316674
1261505911488753665
1261424198431289344
1261425745550807040
1261500269910732800
1261571958132490242
1261436571359645696
1261477308537462785
1261443873613557760
1261405474802544641
1261510586837409792
1261485255657164800
1261427448891277314
1261429715618824192
1261416680908926978
1261431731837497344
1261442315492618240
1261428875793317888
1261547831493627904
1261521800548114432
1261539395481538560
1261440672172634113
1261538303179919362
1261460470076043264
1261596420898828288
1261597351166304257
1261612083633741824
1261548411884646400
1261442760856367106
1261511560297660423
1261436839631523841
1261417852545855488
1261438777924308992
1261406326854303745
1261616822538944512
1261607910695505921
1261491818052694017
1261501606312521728
1261501258294272000
1261418378742267905
1261441718764765184
1261476071331041280
1261435978062819329
1261513081240379392
1261429400316243968
1261446264337559553
1261527568395563008
1261416091760365569
1261528559643844608
1261507281671213056
1261533429843124224
1261537477870813185
1261440746990694401
1261457969289428995
1261460300500533248
1261411250837303300
1261496281949749253
1261520255840587777
1261681549768040448
1261463111816495105
1261469583459975168
1261497563020230656
1261416395377606658
1261474397526863873
1261412034328981504
1261473728996802561
1261539070288769024
1261434012913958915
1261438206685392896
1261458186579705856
1261501196625297409
1261499989949403136
1261517541735723008
1261435542551638017
1261663685933707265
1261531507434434560
1261406822985920512
1261482868712378370
1261417356644937728
1261522478121095170
1261437986337550336
1261488226457522177
1261508740907401218
1261504971222265856
1261546580726996999
1261581141569613825
1261455193821966336
1261550701244792832
1261414065508843520
1261408454364803072
1261478179836956674
1261550054730588161
1261407230475161601
1261439662079578112
1261481094957772801
1261437124320075777
1261418069706014721
1261437582019182593
1261642469801951234
1261454484795822080
1261641766865973248
1261430720901218304
1261435558519332867
1261609582448857088
1261461918457397249
1261428080976986120
1261431195075837968
1261546090257625088
1261502804012621824
1261660186764349445
1261524097504247808
1261485885981446144
1261489301201747968
1261410582336466944
1261445049771888640
1261438284409876480
1261430937549668353
1261535601549086720
1261471145246593025
1261510069738450945
1261527313528819713
1261417662787149825
1261696378469842946
1261408675614216192
1261643064751394816
1261729721857060866
1261688623365271552
1261545911697707009
1261411626319675392
1261415416234233858
1261448105041334272
1261422416019877888
1261697671032700930
1261409021870747649
1261476348297539586
1261406668195106816
1261446088160088066
1261445937559412736
1261468377891160064
1261544409377595392
1261458272252563461
1261715753058873351
1261428304747397123
1261548948042457088
1261425568203132938
1261573814846013445
1261437782934925312
1261460771122212865
1261482086030102529
1261503442847174656
1261502675130232832
1261528179480485889
1261693371611000836
1261426010957819911
1261539660163166209
1261596831777042434
1261537613225189376
1261513889327521792
1261458486333894656
1261468974241505280
1261503797156810753
1261458641661464577
1261478579046580225
1261432372119195648
1261418899087728641
1261532517875752967
1261420540776132609
1261461158197780480
1261445224955445248
1261438892303020032
1261524234859397121
1261461252326346752
1261481306707226624
1261425571977818113
1261514233818144768
1261662498027077641
1261429174360825863
1261407341947297792
1261421843346370560
1261494407267663875
1261522341068107776
1261489043394777089
1261465935296135171
1261409558628462592
1261434711194259456
1261465337905594372
1261466109145989124
1261467562379894784
1261455486190145542
1261419110425976832
1261637745077878786
1261569410608791554
1261470232968785921
1261406327504543750
1261416587980009472
1261409104821514240
1261412974368944128
1261464133846790146
1261702333647458306
1261512964277964800
1261539164308140033
1261581132635701250
1261428152359882752
1261441239691538434
1261514841035956225
1261471333042487298
1261420706719465472
1261413371901022209
1261419197797564417
1261505920028286976
1261467061684862977
1261485835666497536
1261506274505547777
1261484560287698948
1261603982348128256
1261449847820845056
1261548522828107778
1261538545086291968
1261439874315386880
1261613248044023809
1261525143085604864
1261464254445649923
1261481638409564166
1261528895406424064
1261487843718901760
1261421344270540802
1261511598012841985
1261483527566131207
1261614555626602496
1261515752252887043
1261426983260438528
1261448109562793984
1261434154622672896
1261478093593743362
1261735459694227459
1261455902495793152
1261498560404652033
1261426262423175168
1261411052060737541
1261445772710522880
1261523714941661184
1261450064490164226
1261726245601058817
1261468733865893894
1261513791520587777
1261489029259956224
1261482123921371138
1261431657602539520
1261574876646825984
1261442737162706944
1261716916990697474
1261413608140836864
1261418322010267649
1261412041639649280
1261454350196457472
1261460166492504064
1261417824792137728
1261408011165319175
1261526258707562498
1261511163487170560
1261491356775485441
1261508927465938950
1261596890472292352
1261492968072138753
1261512000468930561
1261504583928475655
1261511177449828352
1261452752363945985
1261500567479820290
1261417723579400192
1261503324341272576
1261417244409593857
1261554383260549120
1261417273899745280
1261539271468556290
1261461313567338496
1261548011856859137
1261469285169291264
1261527989839249409
1261575934760681472
1261493695829831680
1261727529255174144
1261416936082223105
1261503076453748736
1261444342297722881
1261429197546950656
1261536877401837574
1261416899050692608
1261540626732064769
1261518754220916736
1261531767342694400
1261431399392915456
1261471551192354818
1261433070261096449
1261459512734527488
1261406055591899136
1261546751128788993
1261470323708436481
1261484387180437507
1261540364197916672
1261464683166330880
1261469962037690371
1261413089259343872
1261436072153632769
1261496568227586049
1261408580441272320
1261503458672144385
1261475939982114816
1261494562226348032
1261700012469366784
1261512572810846208
1261557832824115200
1261518738932678659
1261410339213635584
1261444629985030144
1261630359646744576
1261491730161041408
1261449928318083072
1261411810709626880
1261414133519593475
1261648083240333312
1261514213245083648
1261627836445622276
1261429416095174656
1261436949954473984
1261611330236227584
1261664437443985409
1261473036689006592
1261595472617246720
1261409790519136257
1261408174441185287
1261686090131480576
1261713521584345089
1261498733063069697
1261479451063394305
1261501157878362114
1261434897132126208
1261740095289331712
1261519772686020608
1261433250872012804
1261454574545600514
1261687536461594627
1261516247277031424
1261562340769583105
1261478444279439366
1261532806963961856
1261408397003382785
1261412499754188803
1261437227021684737
1261498930426253312
1261484604659240960
1261416901613215744
1261408142488993796
1261528572805742592
1261509844609060864
1261437981748981760
1261621407995363329
1261697154160250884
1261489786352697345
1261499181748887555
1261407601197277184
1261442921225691136
1261608732175278081
1261441890928353280
1261430938073886725
1261444901163712513
1261437444441833472
1261440427108024323
1261416739239313409
1261515249636847624
1261457757170921472
1261417451863990273
1261411418601029633
1261506737540079616
1261441679464304641
1261445295809761280
1261416663884328961
1261431695850471425
1261445985101742081
1261451442558128129
1261487865885855745
1261533683904909313
1261592922451070977
1261457123508015105
1261449762848399360
1261441803955441665
1261477572275130368
1261418545587478528
1261475057001365504
1261417967616757768
1261545491390697472
1261503261040734208
1261428388796997636
1261465726570749952
1261437801154953222
1261625206642225152
1261517499109081089
1261428540601335808
1261508699626995712
1261477742618578944
1261510439361556481
1261483391922384896
1261458561688715267
1261536780714741760
1261416858927988738
1261407226045935619
1261680878805123074
1261463213855498243
1261438898246430722
1261565214165778432
1261447689432072199
1261486541769248768
1261425603741278214
1261428172572114946
1261449226531172352
1261486299325829122
1261519399284072448
1261440207187918848
1261469746987298817
1261545653877960704
1261498116290646016
1261449702438064133
1261493550371483656
1261424949581021184
1261514463771066368
1261472894988759046
1261541779544748037
1261525824315854849
1261693152097755138
1261451204204171265
1261523437132091394
1261487327299416066
1261437565556703233
1261623536873070594
1261501609558700032
1261466406601646080
1261517360546091013
1261531042281926657
1261498214085095425
1261535826564902914
1261507826431606784
1261446726101024769
1261504132692627456
1261533093569220615
1261512510118621184
1261467565659996160
1261544305849774080
1261454485156581380
1261494117156024321
1261489172914884609
1261545747658440704
1261494746280652800
1261428923339923457
1261477418629464065
1261461366331695104
1261699819040641024
1261624089661366272
1261486944543862784
1261417907298406402
1261705075698946049
1261501762759950338
1261535201894621184
1261467625286103041
1261500356997058560
1261558919425667072
1261542909855166465
1261411662910959616
1261437792787169280
1261437507465433091
1261470854161944576
1261713921137881089
1261457164532543488
1261464032273248256
1261676335706935296
1261451480503955456
1261463774088908801
1261477886533517314
1261529479278497798
1261618806444617728
1261475055025913858
1261415416414572544
1261456365639393280
1261478401891692544
1261451520526057473
1261458292645130241
1261491363046178817
1261446089393258496
1261418567716782080
1261443784350597123
1261686860281253889
1261440744864116736
1261713589573836801
1261418327680974848
1261485588034621442
1261689251390820354
1261405096492953600
1261444557062930432
1261492058763689984
1261460617724080130
1261628975429885953
1261442726605676544
1261727639154208768
1261428188728619009
1261447539162660865
1261467156543225856
1261529835773575179
1261495646583951360
1261498814533455873
1261417530419077122
1261478576559255552
1261541387117268994
1261657673797435392
1261410806060642305
1261508648582471680
1261533242655678465
1261441380435492868
1261460427088646146
1261593440757977091
1261499578794291200
1261550533564862466
1261480247762944000
1261497863428849664
1261438313866514432
1261414879363137537
1261408032736653318
1261453723387097088
1261434175732822016
1261520394487545858
1261436855695716352
1261478047011663872
1261454427568865286
1261448852269219841
1261623651402645504
1261475966259355648
1261411604769517569
1261476069997187072
1261595559397396480
1261499446220611584
1261696495205711874
1261427297682436107
1261412819993423872
1261477965411557377
1261489098352586752
1261513921174704128
1261442601418276865
1261496827443949568
1261408285133099010
1261492363903598598
1261457075625963520
1261479804827729929
1261549397604589568
1261492834110042112
1261408513802113024
1261496321862545409
1261523888653164545
1261502296434884614
1261475461634437125
1261618636785139712
1261492015730012160
1261545784337731584
1261490091207376897
1261443417592094720
1261543792705974272
1261406750328135681
1261418973737836544
1261469969008615427
1261431467298570245
1261414861109673984
1261739075746312198
1261470918745952257
1261434554360852480
1261441369056387075
1261414465209118720
1261538599239061510
1261677379057004544
1261437555267891200
1261517434537811968
1261706452198133760
1261493052188786689
1261418829823049729
1261639884063870977
1261476610194063367
1261544192779661313
1261446853092012032
1261457450647109636
1261448243583479808
1261633280929120257
1261506953358041089
1261421591486922752
1261532784490770432
1261520500263714816
1261409680129024000
1261436834875236358
1261440562147717120
1261466077822717952
1261452707715518465
1261492195896500225
1261548184171450368
1261522631754493960
1261637711007449092
1261425074546016256
1261658607243984896
1261417475452829696
1261422425654169601
1261527138773225472
1261687855505526786
1261486199388209152
1261430923037298689
1261481627491938304
1261513387911110657
1261434667737047041
1261597735628701697
1261467733406871552
1261549897381285891
1261638854542610432
1261658520132427776
1261531864575115264
1261504808785080320
1261520999083921408
1261495367448707073
1261658852673630210
1261479250088955905
1261508875884298246
1261439073165565952
1261446006899535873
1261464679659868160
1261519061306859521
1261516931993042946
1261489187938697221
1261548917788831744
1261516640040222720
1261494622137847809
1261430605771796480
1261539839272538112
1261541642051485696
1261407305377222656
1261418871933698048
1261544051917991936
1261463016236818432
1261497569890320386
1261428376671334401
1261453777753665536
1261418550922825728
1261470210546114561
1261463047824007169
1261444272240439297
1261405178730647554
1261535908605521921
1261509488395378694
1261418156599521284
1261620504697470977
1261490764321783814
1261623706448613377
1261515637375012866
1261512108799397888
1261485640333565953
1261505316694474752
1261477530038677507
1261487000168865792
1261543959936942086
1261520242263486464
1261438932765548547
1261502674408820738
1261451031914917890
1261435557843894272
1261485453301219330
1261407386218065920
1261507248406183938
1261451351222972416
1261501660209319937
1261526251094802432
1261486445912625152
1261729992486072326
1261492305527267329
1261493791279767553
1261437626625777665
1261498602205130752
1261490142478503936
1261465010913415174
1261419356837167105
1261529085932683265
1261451442356776960
1261460619028398080
1261438078092079104
1261500381911285766
1261462746333233152
1261456675522973698
1261474183600537600
1261518439140585473
1261469702900994048
1261476214142713856
1261646491380338690
1261446444667428864
1261428508456296448
1261549131950108672
1261496409456611336
1261507055233441793
1261680925231857667
1261522765913272322
1261516330378780672
1261413612347932680
1261521544192417793
1261561020109258752
1261409013834514432
1261651001788039169
1261407321302818817
1261590195360739330
1261433826968064001
1261543058228871170
1261417526212231168
1261426663943856128
1261410984142311425
1261704998389342208
1261467433526792195
1261545625503531013
1261522111736303617
1261440677688164354
1261455837890928641
1261503562141454336
1261704111436619777
1261462881473753089
1261688442737606659
1261438682839437312
1261468775762718720
1261519296171175936
1261422465940668416
1261493550945939459
1261446771504381952
1261468913960841216
1261432199137554433
1261468490189291521
1261680933456969732
1261462533442953216
1261506762605199363
1261713917212012545
1261417395383607297
1261533098468089856
1261458312437981185
1261540633937956864
1261494236282679298
1261409237030318090
1261449591800512513
1261416986220744705
1261464628447580165
1261484535679782915
1261434563273711616
1261624600049389568
1261536080026677249
1261419531756584961
1261506730455949315
1261468566286733313
1261613073971978241
1261480140413992960
1261418045945372673
1261472027380236288
1261465778433536000
1261494631570657285
1261534025900003329
1261575109791408129
1261460225925640192
1261405265519243264
1261464494217105408
1261529081297936384
1261518720352104449
1261436222141984773
1261452038308794371
1261438878776307714
1261533920954404867
1261422491093700608
1261418005587791872
1261450995168665608
1261674456981934081
1261469543446253570
1261419278403883008
1261457242915770368
1261422384357052417
1261446088310927360
1261496152937173000
1261498016332222464
1261547075138916352
1261547392329015297
1261469363011334145
1261415951737786371
1261419197705355268
1261499922144247808
1261470026302808064
1261469876536795136
1261535314126004224
1261454653608194048
1261535489443549189
1261473124962484225
1261478398557401090
1261537123607461888
1261544529095618560
1261437065775902722
1261506724973944833
1261529216597872640
1261430532950249472
1261733524882808832
1261502122014670849
1261508456768581632
1261483900741828608
1261485068603793409
1261446000754880512
1261677665855115271
1261427174600409091
1261492081421418497
1261530778552414209
1261535397705846785
1261538117774868481
1261530113507811329
1261442943753375747
1261727871887740928
1261535397588299776
1261453753288396801
1261413445037109249
1261432011367088129
1261480995280293889
1261500990202626049
1261731839020019712
1261439798541037568
1261457024107204609
1261482408018403328
1261481316891099137
1261502284808085504
1261438043464048643
1261507467579723777
1261415481329676288
1261441456759205889
1261468722843095041
1261453772850593792
1261522931080925184
1261480866531946496
1261483035154767872
1261432715229962243
1261547891308584961
1261421101395165184
1261651666274836482
1261492652437954561
1261706695136296960
1261730771254915073
1261457144857137152
1261544561962254336
1261500768844120064
1261461615888621571
1261676689245065217
1261437786286174208
1261426160250032129
1261405223353937920
1261605612254892033
1261538176419667969
1261544704144965632
1261517100541022208
1261429640662601734
1261407334321938433
1261672217722658817
1261441134125027334
1261440377531371523
1261437265005490176
1261428081127915522
1261499699401355264
1261444270902226944
1261495411560394752
1261406085208047616
1261449466508271616
1261498446432792576
1261620320823214081
1261506853965529088
1261542896110624769
1261539209120112640
1261518812182175745
1261410916173615104
1261455127388381185
1261407071141912576
1261644227114684416
1261509042461016066
1261436934905147392
1261534984147365888
1261460339062829059
1261676263216828417
1261457266949013504
1261432557591162881
1261464407768432640
1261427510648074241
1261418555666337793
1261438739466903557
1261480935360303104
1261507444930379776
1261414917401346054
1261499149389836289
1261687538596696066
1261457810778394627
1261488984213127168
1261580697589800961
1261531876541546496
1261475919941840897
1261414997827051521
1261435826581323777
1261590279720538112
1261533501377126400
1261412410545500163
1261460885014372353
1261489900496367616
1261515853813645313
1261417320364179456
1261489137452015616
1261520068309061632
1261494086244151298
1261473148714864640
1261729378397872131
1261453617690746881
1261463405413597184
1261469823227305986
1261449259049771010
1261608549144281088
1261511510859415552
1261682623715237889
1261664620445663233
1261533530586308610
1261474438522036224
1261426192868990977
1261442419960229890
1261505903985078273
1261416063629230081
1261463171891523585
1261604527729451009
1261507769166974976
1261409435089395712
1261543444322881536
1261732499870420992
1261732330667999232
1261518566760648704
1261472754689175553
1261524102730268672
1261427385767002112
1261651221846294529
1261435296006262784
1261536468671123457
1261662345228627969
1261657682576015360
1261721512882692097
1261515505116078082
1261537178271780864
1261442625841684480
1261589627984543746
1261443119704399872
1261548966069575683
1261466380592791553
1261517993265164289
1261428817714753543
1261502693303914497
1261475056451850240
1261685134715228160
1261659446503247874
1261514234526982144
1261489829013082112
1261514940915032070
1261534768946126848
1261551337814310913
1261453423448186880
1261437010947932161
1261457662564155393
1261510751065268230
1261525271901097984
1261493690167525376
1261505488165969922
1261527796771434496
1261418382915747841
1261544829571477505
1261480628798795781
1261464563364425733
1261452135696175105
1261438337912500224
1261449267148800001
1261475665947136000
1261475871468040194
1261441046396964865
1261459140506906624
1261499463673274368
1261521436382040065
1261407123574947841
1261465031985807361
1261498229922893825
1261476645850021888
1261407945658642440
1261468134566842368
1261587930474336257
1261434768329191426
1261432893479346176
1261427629971759104
1261476991477243905
1261512875786600448
1261633687269015553
1261504675188289536
1261430925398851584
1261590665571360773
1261414896018829314
1261610580130934785
1261514161743228930
1261427476170862595
1261503081033789440
1261431238700593152
1261409902011924482
1261426250821726208
1261409314637373441
1261416835691368448
1261487596502503424
1261551357808517120
1261711426088992769
1261538421270409217
1261509163336773636
1261542531650580484
1261468027561799681
1261427359330316289
1261421273210433537
1261418592639188992
1261510211564638208
1261601892351631362
1261435554823983104
1261412252416008193
1261443304312524800
1261516718297546754
1261420672942698496
1261529309979848704
1261585448448770049
1261469751936643072
1261538855347531776
1261525379862462465
1261426707099049984
1261524968673652737
1261491749245128704
1261412689760288770
1261616179744960512
1261434027665326081
1261454588579741698
1261408686917824512
1261412026355777539
1261735175320473601
1261526539838976001
1261458085085949952
1261452337098309632
1261491884544819200
1261497655257071616
1261503931416363009
1261441325184045058
1261406341178052608
1261649335357517824
1261535283583090688
1261569167863345158
1261457599439884289
1261417571988828160
1261519667337650177
1261529571054116866
1261548512296255488
1261481355483000832
1261451209757487105
1261497808437166081
1261514755979841536
1261418666337488898
1261428327593771008
1261507910917652486
1261481799349350400
1261469701932109825
1261545743313244160
1261509616007077889
1261411216670339072
1261569283315904513
1261525446308528128
1261488048946241536
1261408730446352384
1261550099529969664
1261602882320838657
1261650117762957312
1261420901607800832
1261502094831316994
1261474227208716288
1261551342407102465
1261481506343727104
1261456956797091840
1261432082577973249
1261529115821322240
1261641875984965632
1261486303100755970
1261407195968798720
1261535679886000128
1261417114239467520
1261544816908828673
1261700119180632066
1261416159317856256
1261442323701006336
1261706500931813376
1261420957110960129
1261539166648705025
1261692472004132864
1261467740214145025
1261450386092617728
1261430004803612675
1261406606215901184
1261486931579334656
1261686161405284352
1261464737755262976
1261499578383302656
1261499109694824448
1261428554668990464
1261406037401354241
1261429428766162946
1261732755911532544
1261406585315721216
1261493764415160321
1261690866995023881
1261419964990459909
1261484259597889537
1261511588537757696
1261466311164452864
1261496068275154944
1261455857981759488
1261430899649818624
1261522810951720961
1261723856043048960
1261522667083051008
1261525974790725634
1261431528615264265
1261485337890533376
1261462375150075904
1261548055985299457
1261611308312457216
1261499874060705793
1261530444639563777
1261590470209069056
1261522251284746245
1261498854907580416
1261707243030024192
1261430996911742978
1261680715730649089
1261526591479279616
1261453949179097089
1261488421391880193
1261515967647055873
1261507097235251201
1261503358524768257
1261427202823983107
1261435936711286784
1261537291123777536
1261416771246010368
1261627458673049600
1261475189000245248
1261513483977293824
1261417958376476672
1261465157751803906
1261412066943922177
1261491017389309953
1261453812407111687
1261481419223818240
1261475443439370240
1261491061173747712
1261725578924883969
1261582813985492992
1261433155501711362
1261479885136187394
1261469178965323777
1261456331900194817
1261697296712044545
1261454612172660736
1261646145438318593
1261521051428835334
1261432991512846337
1261426125479313411
1261452229367775232
1261547879337951232
1261495895734001665
1261507761579294723
1261525320341032963
1261498925141368832
1261468892100247552
1261428147934785537
1261406475446104067
1261498344800694274
1261677581260259331
1261481138847006720
1261425184503787520
1261434118774108160
1261462862683189248
