1261453812407111687
1261595472617246720
1261478760970412035
1261417571988828160
1261420090186178561
1261483646583599104
1261430532950249472
1261607910695505921
1261443119704399872
1261597679785828353
1261677581260259331
1261429715618824192
1261413608140836864
1261491705544675329
1261453949179097089
1261579612037042176
1261470232968785921
1261431330492936194
1261489301201747968
1261428540601335808
1261540633937956864
1261478444279439366
1261462862683189248
1261408239318470662
1261465778433536000
1261405096492953600
1261541389629865984
1261528572805742592
1261620320823214081
1261518214330150912
1261489475877830656
1261483527566131207
1261544561962254336
1261639884063870977
1261526015970390016
1261449267148800001
1261431066159611904
1261514463771066368
1261425571977818113
1261515505116078082
1261414861109673984
1261472945899048960
1261468377891160064
1261658607243984896
1261430938073886725
1261548877578031104
1261405039425437698
1261434175732822016
1261628055497453568
1261478576559255552
1261417831356174336
1261630359646744576
1261415951737786371
1261457144857137152
1261469110010916864
1261548522828107778
1261511177449828352
1261437801154953222
1261417907298406402
1261427202823983107
1261443784350597123
1261418378742267905
1261487451115188224
1261425630190563328
1261672931387682817
1261437234940653568
1261512572810846208
1261435826581323777
1261433070261096449
1261453753288396801
1261510764571082752
1261412724791271424
1261526620440940545
1261533683904909313
1261483900741828608
1261548077799755777
1261489900496367616
1261417101727760384
1261499922144247808
1261530641247506432
1261416771246010368
1261480524260036608
1261457075625963520
1261501606312521728
1261428327593771008
1261704111436619777
1261454612172660736
1261729721857060866
1261491366376267778
1261499301022351361
1261453403588136960
1261721512882692097
1261411250837303300
1261527138773225472
1261506953358041089
1261515249636847624
1261419849575567360
1261504675188289536
1261455902495793152
1261478401891692544
1261731307270307841
1261493695829831680
1261533429843124224
1261422425654169601
1261457004301701121
1261420265382260737
1261476071331041280
1261407230475161601
1261732976188153857
1261501258294272000
1261441380435492868
1261481316891099137
1261461668053176320
1261514865354604544
1261444629985030144
1261713875659038724
1261523714941661184
1261468566286733313
1261491862415855616
1261446089393258496
1261534768946126848
1261517360546091013
1261644227114684416
1261425734561738755
1261547150753837057
1261498930426253312
1261507865468166145
1261437507465433091
1261468733865893894
1261428550944448514
1261492015730012160
1261617483565408261
1261438892303020032
1261528179480485889
1261457562219634691
1261519671469256704
1261534293337075713
1261476212653916160
1261454701234548737
1261474397526863873
1261641875984965632
1261437565556703233
1261491830517981186
1261466347973693440
1261550701244792832
1261414917401346054
1261525320341032963
1261663685933707265
1261648083240333312
1261735234099384320
1261493103007010822
1261441134125027334
1261476645850021888
1261475443439370240
1261550054730588161
1261731047235977216
1261428304747397123
1261408580441272320
1261472931101605890
1261455857981759488
1261495895734001665
1261514862598946821
1261529216597872640
1261507910917652486
1261679355664760837
1261444342297722881
1261590195360739330
1261437227021684737
1261416973713305600
1261459459399806977
1261604527729451009
1261510770610880517
1261440744864116736
1261457662564155393
1261515427945091074
1261630354311561218
1261518738932678659
1261536780714741760
1261505896716177408
1261485313911734272
1261429735835353090
1261601892351631362
1261418411952705536
1261674456981934081
1261430004803612675
1261458545662443520
1261529571054116866
1261428283654242307
1261505903985078273
1261471714350739457
1261706695136296960
1261500947131490309
1261484535679782915
1261481355483000832
1261558705872670720
1261522784813027328
1261519746543112193
1261440053634465794
1261436575256244225
1261536546840248320
1261500269910732800
1261658852673630210
1261436449611636736
1261466077822717952
1261490585308807171
1261438878776307714
1261418899087728641
1261543816890388482
1261489187938697221
1261442760856367106
1261533242655678465
1261406326854303745
1261438313866514432
1261638904840695808
1261431159973502976
1261493550371483656
1261512510118621184
1261529309979848704
1261713589573836801
1261437786286174208
1261436934905147392
1261435978062819329
1261469583459975168
1261542027558297601
1261508699626995712
1261468134566842368
1261711426088992769
1261465039996739585
1261421101395165184
1261638854542610432
1261521544192417793
1261550766361382912
1261508875884298246
1261429197546950656
1261430937549668353
1261481094957772801
1261702333647458306
1261484387180437507
1261526364840030208
1261501904720461824
1261551357808517120
1261408213724852225
1261419109805416449
1261612417718591488
1261550533564862466
1261433028292706305
1261494574838579206
1261580080200867842
1261657682576015360
1261478242252460033
1261475939982114816
1261664620445663233
1261545653877960704
1261463310173564929
1261406061241786368
1261478093593743362
1261502296434884614
1261442078145417216
1261406640399683584
1261526729899642880
1261494086244151298
1261487596502503424
1261453556638461953
1261539839272538112
1261571175467139072
1261539164308140033
1261430923037298689
1261461918457397249
1261437792787169280
1261672808616267776
1261475002202812417
1261478579046580225
1261549854901370880
1261462495077625857
1261456948236435461
1261406022826106880
1261618636785139712
1261420672942698496
1261676689245065217
1261453688171712513
1261409104821514240
1261486299325829122
1261417967616757768
1261501609558700032
1261469285169291264
1261707243030024192
1261479885136187394
1261723856043048960
1261455486190145542
1261464407768432640
1261478431117754376
1261409790519136257
1261685134715228160
1261532544043905026
1261425054211993601
1261511588537757696
1261408690747269121
1261494274451034112
1261509488395378694
1261511178737512448
1261434958419296256
1261428508456296448
1261683413997805568
1261513483977293824
1261507248406183938
1261485084827201536
1261457969289428995
1261482633772634112
1261487843718901760
1261496449172455424
1261431731837497344
1261592922451070977
1261427982360408065
1261430996911742978
1261428388796997636
1261534185333743617
1261468722843095041
1261500911420977152
1261616822538944512
1261424949581021184
1261460885014372353
1261407358556663809
1261511257867223040
1261416835691368448
1261437986337550336
1261437782934925312
1261476417172357122
1261670430915493888
1261414007791124480
1261529328044539904
1261697671032700930
1261503358524768257
1261509623221293056
1261420222411493376
1261489098352586752
1261407305377222656
1261540626732064769
1261739754745405444
1261693152097755138
1261505684333629441
1261730771254915073
1261465545351692288
1261457164532543488
1261434389436624896
1261469876536795136
1261597351166304257
1261503324341272576
1261444248445939712
1261431652829425665
1261533611976732672
1261416657987055616
1261449885364207616
1261428172572114946
1261407341947297792
1261502284808085504
1261420485897678848
1261539209120112640
1261513889327521792
1261538599239061510
1261527601056792576
1261450386092617728
1261527989839249409
1261448117985013760
1261485885981446144
1261646145438318593
1261732600844091393
1261462030512459776
1261431399392915456
1261454574545600514
1261498664201175041
1261441047005036544
1261643064751394816
1261489172914884609
1261446572727955456
1261450195188867073
1261445985101742081
1261494562226348032
1261428875793317888
1261498742521368577
1261502674408820738
1261686860281253889
1261487865885855745
1261509616007077889
1261410806060642305
1261427837346566145
1261493764415160321
1261446726101024769
1261437981748981760
1261417526212231168
1261460166492504064
1261504068159107072
1261451520526057473
1261539660163166209
1261506724973944833
1261462934422720512
1261690866995023881
1261541361687441408
1261731168543629312
1261435557843894272
1261672987088084992
1261417244409593857
1261650117762957312
1261505980942163968
1261409021870747649
1261427629971759104
1261489029259956224
1261655617833447424
1261498301221867522
1261506762605199363
1261492305527267329
1261427359330316289
1261542035116490753
1261441456759205889
1261544192779661313
1261448105041334272
1261574494981767168
1261460619028398080
1261451480503955456
1261432811568787456
1261482632681975808
1261414166784626691
1261682623715237889
1261529081297936384
1261485068603793409
1261659446503247874
1261438028226023424
1261526826146562052
1261432557591162881
1261473682498760705
1261446771504381952
1261467733406871552
1261451770619760640
1261431165497626632
1261435296006262784
1261499082134020096
1261543444322881536
1261718616468344833
1261449466508271616
1261413371901022209
1261629911241904129
1261462375150075904
1261470178149150722
1261537709983752193
1261434466251223040
1261616179744960512
1261651001788039169
1261476214142713856
1261510211564638208
1261474438522036224
1261468775762718720
1261411604769517569
1261522631754493960
1261449259049771010
1261664437443985409
1261696388573822976
1261462124120780800
1261458036088070145
1261651221846294529
1261497089390858240
1261502442983821312
1261490293926477824
1261444557062930432
1261432285359939585
1261519160258916353
1261533093569220615
1261417451863990273
1261481138847006720
1261406585315721216
1261467213623681025
1261514234526982144
1261612389029609472
1261566156986445824
1261447689432072199
1261428080976986120
1261484080773787648
1261430720901218304
1261518566760648704
1261481506343727104
1261444045752004611
1261538545086291968
1261734684955942912
1261468490189291521
1261548055985299457
1261411662910959616
1261504347600375810
1261488122409496577
1261517434537811968
1261525824315854849
1261587930474336257
1261701130809159681
1261505409656987648
1261498338349899781
1261465337905594372
1261418545587478528
1261490091207376897
1261437155861164034
1261486870061432835
1261483035154767872
1261524276114579458
1261549131950108672
1261458312437981185
1261495367448707073
1261546090257625088
1261435043542560769
1261688442737606659
1261508927465938950
1261438337912500224
1261499874060705793
1261504342634479617
1261490789957488640
1261473124962484225
1261571958132490242
1261465262638993409
1261430982575562752
1261712230468456448
1261437555267891200
1261538117774868481
1261496071517278210
1261658520132427776
1261510101984325632
1261513081240379392
1261490461598003211
1261437265005490176
1261527313528819713
1261531767342694400
1261470193005391872
1261406668195106816
1261434118774108160
1261611655244341248
1261445772710522880
1261590470209069056
1261504132692627456
1261412974368944128
1261454063624830976
1261451442356776960
1261485255657164800
1261527644840980481
1261432715229962243
1261436222141984773
1261729877511802881
1261492195896500225
1261535201894621184
1261433826968064001
1261545911697707009
1261431657602539520
1261454186941542400
1261472479626682370
1261468751490244608
1261732330667999232
1261441297660801024
1261453813094834176
1261524628259966976
1261437065775902722
1261497563020230656
1261497569890320386
1261413872457732096
1261416395377606658
1261608732175278081
1261440938246897670
1261436688082939906
1261508740907401218
1261706500931813376
1261475057001365504
1261522478121095170
1261733976680497153
1261527796771434496
1261471052183465985
1261499463673274368
1261412410545500163
1261494407267663875
1261719293802283010
1261406497084342272
1261646491380338690
1261529115821322240
1261539666546659328
1261434154622672896
1261508587437817867
1261589627984543746
1261662345228627969
1261578496234737664
1261578112044871680
1261478047011663872
1261467565659996160
1261418666337488898
1261513128610676736
1261449226531172352
1261497871431602179
1261429195780919296
1261446134377021440
1261476666624311296
1261546546488848387
1261406606215901184
1261504493663014913
1261736996038418432
1261405462378889216
1261505911488753665
1261453423448186880
1261474051345625088
1261735175320473601
1261522810951720961
1261408133085159426
1261517071336144896
1261525974790725634
1261454891748257792
1261434025991905280
1261500808195162112
1261642469801951234
1261454845631852546
1261482086030102529
1261498814533455873
1261680933456969732
1261415416414572544
1261531340169674752
1261569283315904513
1261460427088646146
1261416520732852225
1261480628798795781
1261421314146852869
1261445763931885568
1261431528615264265
1261509042461016066
1261483775676092426
1261517499109081089
1261531336071929857
1261406475446104067
1261493298386141185
1261688787777830917
1261660886424530947
1261541970889015297
1261621867946708992
1261452707715518465
1261498016332222464
1261441890928353280
1261438910455902208
1261416901613215744
1261440242722107392
1261715365580746753
1261458085085949952
1261419258761760768
1261507761579294723
1261432047395979265
1261680715730649089
1261492768817455104
1261727639154208768
1261453058778836993
1261476774225096708
1261454350196457472
1261633687269015553
1261484838701486081
1261529947707002880
1261575934760681472
1261458673898946560
1261539271468556290
1261457590858506241
1261514237605601281
1261443873613557760
1261436695699808259
1261412252416008193
1261504808785080320
1261412816663257088
1261597398524219393
1261470077066473473
1261460339062829059
1261446000754880512
1261486832195379203
1261722992473751557
1261453723387097088
1261461252326346752
1261530778552414209
1261442209724932096
1261432199137554433
1261471322866987008
1261499578794291200
1261499685090582530
1261417755011506176
1261446369065107457
1261407773583015936
1261501366792585216
1261412689760288770
1261535423328813056
1261425074546016256
1261446088160088066
1261504162748985344
1261476906408595457
1261493690167525376
1261521051428835334
1261475438913822720
1261449049187643393
1261611308312457216
1261621407995363329
1261435613116420096
1261506737540079616
1261410916173615104
1261484091733573633
1261499893144748032
1261513820822032385
1261496152937173000
1261517100541022208
1261444322756644864
1261516640040222720
1261529750188646400
1261454588579741698
1261407071141912576
1261438078092079104
1261481455693242369
1261422465940668416
1261442625841684480
1261544281786863616
1261497408413990919
1261729992486072326
1261518720352104449
1261465340577529867
1261463627011407889
1261436072153632769
1261469543446253570
1261497377367588864
1261585448448770049
1261498560404652033
1261406675379994625
1261416801121955840
1261413616542081024
1261504024953655301
1261705608190767105
1261465935296135171
1261605612254892033
1261471145246593025
1261412973882433536
1261460617724080130
1261415481329676288
1261450064490164226
1261503797156810753
1261429174360825863
1261546580726996999
1261426250821726208
1261436949954473984
1261491356775485441
1261481373405151235
1261466380592791553
1261445295809761280
1261451209757487105
1261463220205707264
1261463774088908801
1261495539230748673
1261687538596696066
1261489563102560257
1261672217722658817
1261491845231783936
1261424158711283712
1261543792705974272
1261439922705059841
1261495437728636930
1261425375894257665
1261446006320873472
1261727871887740928
1261477572275130368
1261446219223752705
1261501660209319937
1261477530038677507
1261458641661464577
1261434012913958915
1261581132635701250
1261531876541546496
1261508456768581632
1261414465209118720
1261729378397872131
1261453815070392320
1261561790690816001
1261417824792137728
1261413445037109249
1261491337632890882
1261497655257071616
1261514940915032070
1261525649723928576
1261406341178052608
1261452135696175105
1261547879337951232
1261473412641222656
1261454653608194048
1261421470619557888
1261489137452015616
1261497931825156096
1261431936276291584
1261462533442953216
1261475966259355648
1261472432717586432
1261408285133099010
1261461158197780480
1261464563364425733
1261407226045935619
1261453777753665536
1261535397588299776
1261597444246253568
1261505897593016320
1261407123574947841
1261536468671123457
1261548966069575683
1261498854907580416
1261503883811094529
1261459365351043072
1261481799349350400
1261418045945372673
1261590279720538112
1261660186764349445
1261502094831316994
1261480995280293889
1261525271901097984
1261435924468191232
1261462525981290496
1261419278403883008
1261517541735723008
1261513791520587777
1261733415444832256
1261463053973020679
1261508289327661056
1261540364197916672
1261499109694824448
1261412819993423872
1261411810709626880
1261428376671334401
1261409681756393472
1261453088570765312
1261430122604900354
1261445224955445248
1261482408018403328
1261489829013082112
1261419964990459909
1261408397003382785
1261663865592590337
1261412207092355072
1261514755979841536
1261500781158633473
1261485764849872896
1261526251094802432
1261519667337650177
1261417958376476672
1261408454364803072
1261425830720237568
1261407945658642440
1261511301307625473
1261407321302818817
1261468027561799681
1261438258099023873
1261481306707226624
1261688623365271552
1261456843148152832
1261506853965529088
1261503076453748736
1261464254445649923
1261614555626602496
1261464494217105408
1261480866531946496
1261545565504131072
1261523437132091394
1261536877401837574
1261440207187918848
1261519061306859521
1261693371611000836
1261496421871747078
1261689251390820354
1261416422904758273
1261440076698890240
1261491884544819200
1261495411560394752
1261515637375012866
1261482868712378370
1261417273899745280
1261449928318083072
1261496321862545409
1261476991477243905
1261544816908828673
1261520255840587777
1261471846282780678
1261501814605787136
1261435542551638017
1261543737362010113
1261414631525847040
1261533762640211974
1261545784337731584
1261418382915747841
1261706580614995968
1261660796981035008
1261422540926275585
1261632656774770688
1261442726605676544
1261427510648074241
1261437124320075777
1261722764370743296
1261527798063087617
1261472459712163841
1261549021350498305
1261432082577973249
1261506661761638402
1261542909855166465
1261439073165565952
1261406822985920512
1261523888653164545
1261453830606249985
1261488048946241536
1261538176419667969
1261485227651870720
1261501157878362114
1261590665571360773
1261520242263486464
1261494194645766146
1261448243583479808
1261539799879553024
1261472187510292480
1261732499870420992
1261499699401355264
1261461425987506177
1261429428766162946
1261413524791676928
1261686161405284352
1261551342407102465
1261481521388584960
1261418871933698048
1261530113507811329
1261440746990694401
1261696495205711874
1261713921137881089
1261431695850471425
1261446088310927360
1261464737755262976
1261468974241505280
1261627458673049600
1261426707099049984
1261426160250032129
1261438898246430722
1261643786049982464
1261536024309780480
1261466311164452864
1261461667721826309
1261421591486922752
1261524309236805633
1261463443774664704
1261613248044023809
1261547392329015297
1261581141569613825
1261457757170921472
1261406502927183875
1261537178271780864
1261428152359882752
1261558919425667072
1261458849585745925
1261438932765548547
1261667858074959875
1261412041639649280
1261442478814588928
1261421979107647488
1261432540558131201
1261539395481538560
1261547831493627904
1261473260979527680
1261472857735004161
1261513387911110657
1261417907277291520
1261407195968798720
1261416992352813057
1261588512069083136
1261603982348128256
1261657673797435392
1261739075746312198
1261472754689175553
1261438284409876480
1261404993346662400
1261454484795822080
1261524968673652737
1261418555666337793
1261535601549086720
1261485835666497536
1261580697589800961
1261420901607800832
1261417723579400192
1261516017118969857
1261507097235251201
1261429830496645120
1261512000468930561
1261493550945939459
1261457123508015105
1261417052490760193
1261471587288530945
1261438513884659712
1261682000093683713
1261469746987298817
1261479751736274944
1261498816865304576
1261432011367088129
1261713919313276929
1261523355993346054
1261620014022524930
1261623706448613377
1261467061684862977
1261412034328981504
1261415416234233858
1261429641077649408
1261425429208076289
1261421630368002048
1261429226084773888
1261477418629464065
1261408174441185287
1261522030815518728
1261494117156024321
1261450032097583104
1261467740214145025
1261422416019877888
1261487927021973504
1261544305849774080
1261713632116838402
1261677665855115271
1261492968072138753
1261477965411557377
1261691924609728515
1261450127396368385
1261500356997058560
1261432372119195648
1261492834110042112
1261620945392984064
1261422711303049217
1261507546096885760
1261588285387931648
1261651666274836482
1261426177807278080
1261493368569253888
1261545743313244160
1261438397505081344
1261441239691538434
1261486199388209152
1261460771122212865
1261464679659868160
1261475055025913858
1261412261144510465
1261440562147717120
1261687536461594627
1261495484033765376
1261548948042457088
1261411626319675392
1261414879363137537
1261491749245128704
1261544302930325504
1261565214165778432
1261426010957819911
1261545747658440704
1261444636515524608
1261548492755030022
1261426983260438528
1261596890472292352
1261525446308528128
1261493515760160768
1261464628447580165
1261467275116199940
1261425184503787520
1261695055548514305
1261465157751803906
1261446444667428864
1261481627491938304
1261436765312741377
1261426048950054919
1261470918745952257
1261536885832376325
1261420706719465472
1261412262486499330
1261427448891277314
1261427174600409091
1261493763756589057
1261554383260549120
1261432935816675328
1261731839020019712
1261425603741278214
1261543959936942086
1261697296712044545
1261462852973604864
1261595559397396480
1261677558166364160
1261495937312141312
1261452038308794371
1261443417592094720
1261551791507832832
1261437582019182593
1261468025896624128
1261425562360283136
1261417052511690752
1261447539162660865
1261534984147365888
1261408686917824512
1261511510859415552
1261535679886000128
1261593440757977091
1261543523180064769
1261427592491499521
1261474183600537600
1261535908605521921
1261535826564902914
1261434667737047041
1261435554823983104
1261497178792615936
1261419197797564417
1261683976068124673
1261460470076043264
1261522111736303617
1261418550922825728
1261475666312048641
1261485087025233920
1261739513887498240
1261472894988759046
1261420285233778688
1261466184639066112
1261492652437954561
1261458186579705856
00000
1261706709682122754
1261510751065268230
1261409902011924482
1261425568203132938
1261468913960841216
1261522931080925184
1261417662787149825
1261496827443949568
1261451976946180096
1261486944543862784
1261409558628462592
1261487940724764672
1261524307936755712
1261421344270540802
1261550718336598017
1261503562141454336
1261417852545855488
1261519399284072448
1261433922006716421
1261463016236818432
1261432340754034688
1261467562379894784
1261561020109258752
1261535397705846785
1261418973737836544
1261544051917991936
1261510586837409792
1261437010947932161
1261516421147828234
1261504183460495360
1261420921711210496
1261417132035682304
1261458272252563461
1261683116340588544
1261439398253596680
1261541387117268994
1261515843755667456
1261510474220404738
1261457024107204609
1261460300500533248
1261522341068107776
1261444693168021504
1261623536873070594
1261491818052694017
1261467433526792195
1261548411884646400
1261426246505775105
1261417530419077122
1261637745077878786
1261436023101243394
1261518812182175745
1261459653323452421
1261674544139571200
1261535283583090688
1261484230560841734
1261416091760365569
1261409237030318090
1261427552217731072
1261522251284746245
1261541068635586560
1261452752363945985
1261405598308093953
1261414133519593475
1261416045891465223
1261453617690746881
1261471306127532032
1261495646583951360
1261451031914917890
1261551278271934464
1261529085932683265
1261453329118494720
1261491017389309953
1261511340008636426
1261438206685392896
1261520399046713344
1261554779303620609
