1261458312437981185
1261439798541037568
1261474227208716288
1261428550944448514
1261464628447580165
1261693152097755138
1261504808785080320
1261442601418276865
1261524102730268672
1261508740907401218
1261418322010267649
1261543444322881536
1261415951737786371
1261434768329191426
1261426458565591040
1261520255840587777
1261730771254915073
1261478160006131712
1261566156986445824
1261536080026677249
1261478242252460033
1261505409656987648
1261405462378889216
1261425184503787520
1261408373418819585
1261468913960841216
1261527601056792576
1261527138773225472
1261409104821514240
1261545784337731584
1261499109694824448
1261469583459975168
1261477308537462785
1261512108799397888
1261508699626995712
1261694062135934977
1261454484795822080
1261418587287285761
1261444557062930432
1261513463370780677
1261435924468191232
1261539271468556290
1261455902495793152
1261727639154208768
1261469543446253570
1261413608140836864
1261481306707226624
1261476069997187072
1261421979107647488
1261431159973502976
1261461388624568321
1261519772686020608
1261465010913415174
1261468025896624128
1261550764599554052
1261680878805123074
1261499922144247808
1261530778552414209
1261498733063069697
1261476774225096708
1261548917788831744
1261411810709626880
1261496152937173000
1261498854907580416
1261457329058430977
1261443873613557760
1261479843050524673
1261541387117268994
1261678619820036097
1261442323701006336
1261462862683189248
1261473412641222656
1261414465209118720
1261596890472292352
1261452337098309632
1261488883184939010
1261464683166330880
1261429226084773888
1261454612172660736
1261523888653164545
1261457450647109636
1261536877401837574
1261434796171046913
1261643786049982464
1261520960852652032
1261500269910732800
1261453830606249985
1261523789461979136
1261442315492618240
1261457757170921472
1261488122409496577
1261498301221867522
1261515505116078082
1261409706914066432
1261438337912500224
1261493368569253888
1261616179744960512
1261683116340588544
1261470178149150722
1261485087025233920
1261481316891099137
1261629911241904129
1261433922006716421
1261427334491435008
1261436571359645696
1261495222803894277
1261487865885855745
1261500567479820290
1261438284409876480
1261545653877960704
1261414133519593475
1261623651402645504
1261415416414572544
1261460427088646146
1261508927465938950
1261660186764349445
1261539666546659328
1261545625503531013
1261504493663014913
1261426010957819911
1261524628259966976
1261484080773787648
1261500808195162112
1261458849585745925
1261658607243984896
1261467040772001792
1261697671032700930
1261478760970412035
1261462495077625857
1261515967647055873
1261421344270540802
1261526826146562052
1261526015970390016
1261437065775902722
1261491017389309953
1261417101727760384
1261455837890928641
1261685968811298816
1261451442356776960
1261503081033789440
1261457810778394627
1261460617724080130
1261440242722107392
1261434118774108160
1261497377367588864
1261470323708436481
1261491749245128704
1261518754220916736
1261512875786600448
1261408454364803072
1261587930474336257
1261519771369119744
1261517434537811968
1261596420898828288
1261706500931813376
1261472187510292480
1261446006899535873
1261501413084946432
1261482868712378370
1261457242915770368
1261417244409593857
1261438779450986496
1261725578924883969
1261429197546950656
1261551278271934464
1261456675522973698
1261520399046713344
1261435189617704960
1261426705559957506
1261497563020230656
1261541003489509377
1261507281671213056
1261493515760160768
1261498560404652033
1261502674408820738
1261503358524768257
1261512894656548864
1261418327680974848
1261478576559255552
1261523417506951171
1261438397505081344
1261540633937956864
1261416422904758273
1261425653779439617
1261457144857137152
1261680933456969732
1261517499109081089
1261545491390697472
1261428147934785537
1261406022826106880
1261414997827051521
1261408675614216192
1261494746280652800
1261519399284072448
1261430937549668353
1261472754689175553
1261494631570657285
1261477734397730816
1261550175408930818
1261660796981035008
1261677581260259331
1261535314126004224
1261696495205711874
1261414917401346054
1261438682839437312
1261501196625297409
1261441297660801024
1261410916173615104
1261476669082271744
1261499446220611584
1261440377531371523
1261651666274836482
1261451442558128129
1261483775676092426
1261500768844120064
1261506730455949315
1261438028091805696
1261406326854303745
1261426663943856128
1261493791279767553
1261429641077649408
1261485453301219330
1261416936082223105
1261543816890388482
1261452752363945985
1261408239318470662
1261535522800820224
1261486870061432835
1261476214142713856
1261470854161944576
1261466109145989124
1261546751128788993
1261595472617246720
1261522667083051008
1261464563364425733
1261729378397872131
1261465890295476224
1261505920028286976
1261439874315386880
1261449762848399360
1261459140506906624
1261453777753665536
1261470918745952257
1261441134125027334
1261432811568787456
1261408142488993796
1261457024107204609
1261437265005490176
1261416771246010368
1261527989839249409
1261696378469842946
1261444342297722881
1261531876541546496
1261733976680497153
1261597351166304257
1261501609558700032
1261411418601029633
1261451204204171265
1261496304070389760
1261491855742640128
1261487927021973504
1261409012463005698
1261628055497453568
1261429735835353090
1261499874060705793
1261477742618578944
1261496827443949568
1261439073165565952
1261705075698946049
1261513889327521792
1261463310173564929
1261431731837497344
1261525446308528128
1261695055548514305
1261740095289331712
1261547392329015297
1261436072153632769
1261494407267663875
1261407341947297792
1261514865354604544
1261676689245065217
1261484838701486081
1261475461634437125
1261510770610880517
1261528559643844608
1261439662079578112
1261463213855498243
1261416992352813057
1261414861109673984
1261539209120112640
1261406640399683584
1261541918388948992
1261570319602667520
1261425404642045952
1261509623221293056
1261504024953655301
1261442760856367106
1261463220205707264
1261514862598946821
1261441206388764673
1261502804012621824
1261574578746404864
1261531864575115264
1261417907298406402
1261411604769517569
1261453753288396801
1261478444279439366
1261418550922825728
1261428508456296448
1261558705872670720
1261412499754188803
1261418592639188992
1261497655257071616
1261695144228802560
1261463171891523585
1261411052060737541
1261425571977818113
1261436449611636736
1261627458673049600
1261461252326346752
1261532584569270274
1261434027665326081
1261498816865304576
1261446572727955456
1261485588034621442
1261731307270307841
1261444819294932992
1261487619763875840
1261462533442953216
1261449717306834951
1261613073971978241
1261432863930621959
1261435572863692800
1261407230475161601
1261472432717586432
1261708984739721216
1261498602205130752
1261581132635701250
1261527313528819713
1261498664201175041
1261440917086625792
1261413913192783874
1261597398524219393
1261462402442260480
1261529115821322240
1261605612254892033
1261462375150075904
1261633687269015553
1261414065508843520
1261699819040641024
1261515752252887043
1261435978062819329
1261624600049389568
1261490142478503936
1261435613116420096
1261481627491938304
1261533383185891328
1261482408018403328
1261574876646825984
1261425125188005888
1261524968673652737
1261469178965323777
1261441805104476163
1261491363046178817
1261416577079013377
1261666286813220865
1261471333042487298
1261454485156581380
1261547625075130368
1261492363903598598
1261427385767002112
1261677379057004544
1261407305377222656
1261425630190563328
1261471587288530945
1261430925398851584
1261534984147365888
1261609582448857088
1261536468671123457
1261514940915032070
1261441679464304641
1261474183600537600
1261446000754880512
1261407945658642440
1261417132035682304
1261446264337559553
1261666800112197632
1261520281606082561
1261469751936643072
1261589627984543746
1261531507434434560
1261549131950108672
1261406675379994625
1261440531608948736
1261410093364473856
1261406055591899136
1261543792705974272
1261713919313276929
1261588512069083136
1261540625649934339
1261544302930325504
1261531336071929857
1261410806060642305
1261503797156810753
1261457912607551488
1261431657602539520
1261541052869009408
1261486931579334656
1261487306072043522
1261453812407111687
1261408174441185287
1261418567716782080
1261468490189291521
1261448852269219841
1261408513802113024
1261428304747397123
1261416159317856256
1261609177522323462
1261638854542610432
1261428172572114946
1261426503281258496
1261408032736653318
1261445295809761280
1261428081127915522
1261432340754034688
1261469363011334145
1261490461598003211
1261526364840030208
1261475919941840897
1261489301201747968
1261425568203132938
1261437155861164034
1261478093593743362
1261529571054116866
1261515112202067975
1261427629971759104
1261704111436619777
1261452883616313347
1261501366792585216
1261493103007010822
1261428152359882752
1261438513884659712
1261535601549086720
1261672987088084992
1261642469801951234
1261499181748887555
1261517360546091013
1261518738932678659
1261651221846294529
1261453949179097089
1261533530586308610
1261497178792615936
1261502828138369024
1261618636785139712
1261528895406424064
1261420901607800832
1261437782934925312
1261731839020019712
1261429715618824192
1261496068275154944
1261421273210433537
1261496281949749253
1261529081297936384
1261435043542560769
1261421630368002048
1261448243583479808
1261506180591075329
1261525320341032963
1261432011367088129
1261407321302818817
1261526258707562498
1261492015730012160
1261516931993042946
1261480140413992960
1261433028292706305
1261514237605601281
1261677558166364160
1261475666312048641
1261487940724764672
1261440744864116736
1261429195780919296
1261508338719678469
1261417755011506176
1261486944543862784
1261504971222265856
1261500911420977152
1261485227651870720
1261461425987506177
1261413304028848128
1261516017118969857
1261458561688715267
1261683413997805568
1261453745797259270
1261422540926275585
1261611330236227584
1261441546617942017
1261529085932683265
1261493523020316674
1261697296712044545
1261419849575567360
1261498214085095425
1261592922451070977
1261515853813645313
1261546580726996999
1261411250837303300
1261514213245083648
1261465047144038400
1261489043394777089
1261434012913958915
1261516640040222720
1261468722843095041
1261407386218065920
1261406822985920512
1261508456768581632
1261412974368944128
1261499301022351361
1261439086776274947
1261498446432792576
1261417273899745280
1261466347973693440
1261451480503955456
1261537709983752193
1261445985101742081
1261491390183243777
1261735234099384320
1261482632681975808
1261509042461016066
1261729992486072326
1261485764849872896
1261454574545600514
1261679355664760837
1261492195896500225
1261529835773575179
1261440427108024323
1261431195075837968
1261491366376267778
1261479002079887360
1261472479626682370
1261460470076043264
1261467562379894784
1261453423448186880
1261494562226348032
1261407226045935619
1261648083240333312
1261409681756393472
1261457662564155393
1261607910695505921
1261623536873070594
1261464254445649923
1261426246505775105
1261499989949403136
1261537613225189376
1261427297682436107
1261425745550807040
1261454063624830976
1261534185333743617
1261407123574947841
1261407601197277184
1261549397604589568
1261491490561224705
1261414158559580161
1261501157878362114
1261464501196447744
1261449928318083072
1261535920278376448
1261481799349350400
1261405096492953600
1261441369056387075
1261731047235977216
1261569410608791554
1261422425654169601
1261506274505547777
1261418411952705536
1261462124120780800
1261504342634479617
1261547831493627904
1261505684333629441
1261541249841946625
1261420921711210496
1261407208933220352
1261545911697707009
1261483900741828608
1261461668053176320
1261495461246128129
1261411216670339072
1261529303860367360
1261505488165969922
1261470163351662592
1261613248044023809
1261407334321938433
1261582813985492992
1261432557591162881
1261539839272538112
1261511177449828352
1261551791507832832
1261431165497626632
1261489137452015616
1261596831777042434
1261490293926477824
1261506725049503745
1261502122014670849
1261432372119195648
1261457599217594368
1261639884063870977
1261443581996347392
1261537178271780864
1261524276114579458
1261523778166718469
1261713921137881089
1261523355993346054
1261454427568865286
1261430605771796480
1261462934422720512
1261440672172634113
1261561790690816001
1261463047824007169
1261434563273711616
1261466380592791553
1261659446503247874
1261409435089395712
1261522251284746245
1261433826968064001
1261519973022826496
1261413313608630272
1261441456759205889
1261485255657164800
1261449049187643393
1261425177566433280
1261515301268541441
1261535553209733123
1261434897132126208
1261411590303297536
1261452038308794371
1261538303179919362
1261463053973020679
1261497569890320386
1261527568395563008
1261480451199434753
1261456150047813632
1261496449172455424
1261447689432072199
1261465545351692288
1261539164308140033
1261457164532543488
1261627836445622276
1261486299325829122
1261537123607461888
1261612083633741824
1261484230560841734
1261415544743358464
1261513128610676736
1261437986337550336
1261414007791124480
1261479804827729929
1261713875659038724
1261548948042457088
1261447386565492737
1261481094957772801
1261429640662601734
1261410585654124544
1261500381911285766
1261437124320075777
1261481635477938184
1261487017424232452
1261554029756207109
1261430004803612675
1261479250088955905
1261417320364179456
1261444901163712513
1261428835607871491
1261452229367775232
1261418378742267905
1261422416019877888
1261531042281926657
1261481521388584960
1261500499926364165
1261691924609728515
1261543523180064769
1261543959936942086
1261574494981767168
1261546807794053121
1261406061241786368
1261454891748257792
1261528572805742592
1261470232968785921
1261405762523410432
1261477965411557377
1261425429208076289
1261473148714864640
1261491884544819200
1261679010456776704
1261408011165319175
1261726245601058817
1261406327504543750
1261457599439884289
1261533501377126400
1261517795306676225
1261490091207376897
1261422441953243136
1261432468671885313
1261432935816675328
1261509616007077889
1261421470619557888
1261432199137554433
1261424158711283712
1261483527566131207
1261544529095618560
1261424198431289344
1261547150753837057
1261406085208047616
1261676335706935296
1261438206685392896
1261522810951720961
1261548411884646400
1261457622978486274
1261413612347932680
1261687536461594627
1261471675905802240
1261482123921371138
1261487000168865792
1261438878776307714
1261682623715237889
1261518566760648704
1261674456981934081
1261430982575562752
1261489878505644032
1261412026355777539
1261571175467139072
1261685134715228160
1261544409377595392
1261520242263486464
1261427552217731072
1261480866531946496
1261454350196457472
1261514841035956225
1261715365580746753
1261469746987298817
1261465778433536000
1261570336618840064
1261417688867278849
1261425830720237568
1261457969289428995
1261514234526982144
1261495937312141312
1261513081240379392
1261432047395979265
1261490789957488640
1261493550371483656
1261477418629464065
1261410984142311425
1261459673867313152
1261482086030102529
1261408285133099010
1261409790519136257
1261735459694227459
1261492768817455104
1261515427945091074
1261484927775899650
1261436765312741377
1261677665855115271
1261519296171175936
1261481455693242369
1261739513887498240
1261501984689004545
1261475754354839552
1261590470209069056
1261451520526057473
1261467565659996160
1261517541735723008
1261602882320838657
1261420706719465472
1261442478814588928
1261649335357517824
1261501258294272000
1261413872457732096
1261417114239467520
1261413089259343872
1261481407165067264
1261438777924308992
1261491862415855616
1261542896110624769
1261523352205787142
1261418666337488898
1261658852673630210
1261473728996802561
1261434389436624896
1261416663884328961
1261514755979841536
1261445695115898881
1261434175732822016
1261501660209319937
1261519671469256704
1261502284808085504
1261482633772634112
1261427510648074241
1261651001788039169
1261707057675120644
1261548512296255488
1261499578794291200
1261558919425667072
1261537477870813185
1261608549144281088
1261429400316243968
1261548522828107778
1261472857735004161
1261442573920591873
1261571958132490242
1261539660163166209
1261466077822717952
1261409013834514432
1261503781541314561
1261494086244151298
1261664286692257794
1261456365639393280
1261420265382260737
1261408515198840832
1261412066943922177
1261479751736274944
1261407195968798720
1261535397705846785
1261440938246897670
1261502094831316994
1261487327299416066
1261455857981759488
1261511510859415552
1261450032097583104
1261512510118621184
1261430091546050561
1261733524882808832
1261510575307268097
1261457004301701121
1261533762640211974
1261731168543629312
1261409314637373441
1261485640333565953
1261660886424530947
1261495646583951360
1261472459712163841
1261518214330150912
1261412689760288770
1261504162748985344
1261471306127532032
1261430122604900354
1261520500263714816
1261435558519332867
1261687701801250818
1261535201894621184
1261713589573836801
1261481355483000832
1261569283315904513
1261488037671907334
1261540460700418048
1261491435368361984
1261440562147717120
1261476666624311296
1261578112044871680
1261493550945939459
1261546009995341825
1261507097235251201
1261499578383302656
1261490585308807171
1261478401891692544
1261498338349899781
1261411626319675392
1261544816908828673
1261722764370743296
1261508328787714050
1261593440757977091
1261413465245261824
1261418382915747841
1261697242257375232
1261464032273248256
1261522478121095170
1261408686917824512
1261436834875236358
1261453088570765312
1261713917212012545
1261404993346662400
1261451933568696320
1261428875793317888
1261462801845047296
1261461158197780480
1261505896716177408
1261427837346566145
1261484091733573633
1261467275116199940
1261497871431602179
1261549021350498305
1261446369065107457
1261545743313244160
1261460339062829059
1261542035116490753
1261682000093683713
1261493602485702656
1261453403588136960
1261442625841684480
1261529328044539904
1261468377891160064
1261433635955019776
1261541652168011776
1261693371611000836
1261430532950249472
1261417395383607297
1261476991477243905
1261428388796997636
1261540407474884608
1261427448891277314
1261449885364207616
1261525143085604864
1261461366331695104
1261519667337650177
1261697154160250884
1261436023101243394
1261544561962254336
1261688623365271552
1261436949954473984
1261515843755667456
1261475665947136000
1261478398557401090
1261449256851759105
1261468027561799681
1261426192868990977
1261422711303049217
1261405039425437698
1261548966069575683
1261524309236805633
1261659390291185665
1261534025900003329
1261632656774770688
1261429342640324608
1261419110425976832
1261408213724852225
1261492652437954561
1261406341178052608
1261537291123777536
1261470077066473473
1261476417172357122
1261446853092012032
1261519746543112193
1261438313866514432
1261510042571988992
1261495406212628485
1261407071141912576
1261472027380236288
1261489187938697221
1261412973882433536
1261491705544675329
1261417723579400192
1261702980006555650
1261637711007449092
1261412816663257088
1261538176419667969
1261545565504131072
1261463111816495105
1261434711194259456
1261464494217105408
1261620504697470977
1261721512882692097
1261518596263436293
1261442419960229890
1261437582019182593
1261443784350597123
1261526729899642880
1261505903985078273
1261527798063087617
1261536780714741760
1261417530419077122
1261471846282780678
1261513483977293824
1261655617833447424
1261470193005391872
1261481373405151235
1261489786352697345
1261449847820845056
1261436839631523841
1261431399392915456
1261410582336466944
1261489475877830656
1261583070395871232
1261489029259956224
1261471145246593025
1261420801246429185
1261646491380338690
1261445694247727104
1261700205994524673
1261511795505631234
1261460300500533248
1261510751065268230
1261506724973944833
1261646145438318593
1261421262921854977
1261529750188646400
1261483836724203520
1261448022598115329
1261431528615264265
1261539395481538560
1261457562219634691
1261563026211299328
1261489563102560257
1261585448448770049
1261420672942698496
1261427174600409091
1261554383260549120
1261496409456611336
1261418045945372673
1261486421996523520
1261459653323452421
1261531972419149830
1261438892303020032
1261465340577529867
1261590195360739330
1261428376671334401
1261469969008615427
1261541068635586560
1261468566286733313
1261515249636847624
1261533242655678465
1261492834110042112
1261498116290646016
1261466184639066112
1261442921225691136
1261431936276291584
1261421314146852869
1261460166492504064
1261418005453365250
1261462746333233152
1261453815070392320
1261433737436229632
1261464407768432640
1261527796771434496
1261417153409855489
1261498749022593029
1261432082577973249
1261437234940653568
1261511163487170560
1261463016236818432
1261441629312806912
1261444636515524608
1261725160270422016
1261545747658440704
1261408133085159426
1261421545630478338
1261406037401354241
1261427359330316289
1261469147537346561
1261598942367821824
1261491061173747712
1261503442847174656
1261434025991905280
1261499685090582530
1261455127388381185
1261484010796089346
1261460885014372353
1261471714350739457
1261447539162660865
1261457590858506241
1261429174360825863
1261487232797470721
1261429416095174656
1261614555626602496
1261419197705355268
1261469702900994048
1261525824315854849
1261506853965529088
1261505980942163968
1261466018720833539
1261727871887740928
1261485313911734272
1261498814533455873
1261474998180601867
1261697965732888577
1261485084827201536
1261492058763689984
1261429196099923970
1261434958419296256
1261484535679782915
1261550099529969664
1261544051917991936
1261443304312524800
1261442737162706944
1261431695850471425
1261456843148152832
1261713632116838402
1261562340769583105
1261518439140585473
1261453734594387974
1261442078145417216
00000
1261690866995023881
1261454588579741698
1261483391922384896
1261538545086291968
1261481138847006720
1261535423328813056
1261535489443549189
1261735175320473601
1261426250821726208
1261453723387097088
1261498229922893825
1261436222141984773
1261535397588299776
1261604527729451009
1261540364197916672
1261417831356174336
1261469285169291264
1261507826431606784
1261620014022524930
1261422465940668416
1261511560297660423
1261538421270409217
1261492305527267329
1261463405413597184
1261525271901097984
1261597679785828353
1261502442983821312
1261444629985030144
1261521259520761856
1261417958376476672
1261458186579705856
1261473124962484225
1261434466251223040
1261503076453748736
1261430070993760256
1261446089393258496
1261683976068124673
1261686090131480576
1261486832195379203
1261467924994363393
1261464886086971393
1261517071336144896
1261451847350415361
1261461918457397249
1261426707099049984
1261453556638461953
1261420957110960129
1261412819993423872
1261428080976986120
1261475055025913858
1261707243030024192
1261510764571082752
1261507769166974976
1261453012611915777
1261454186941542400
1261658520132427776
1261515637375012866
1261439398253596680
1261533093569220615
1261453329118494720
1261452135696175105
1261575934760681472
1261547075138916352
1261418555666337793
1261509488395378694
1261672808616267776
1261469110010916864
1261412252416008193
1261462030512459776
1261473682498760705
1261474397526863873
1261507467579723777
1261409021870747649
1261469922103717888
1261536546840248320
1261550054730588161
1261464133846790146
1261486199388209152
1261485835666497536
1261657682576015360
1261575109791408129
1261458486333894656
1261686860281253889
1261538855347531776
1261507444930379776
1261544704144965632
1261505316694474752
1261502296434884614
1261449702438064133
1261497863428849664
1261499893144748032
1261569167863345158
1261440076698890240
1261468751490244608
1261662345228627969
1261417852545855488
1261517993265164289
